1 481.235 295.504 0.849565 
2 481.235 327.769 0.892609 
3 483.816 358.743 0.792675 
4 491.56 392.298 0.797734 
5 501.884 421.982 0.754123 
6 518.662 451.666 0.782193 
7 536.73 476.187 0.740681 
8 562.542 494.255 0.813198 
9 593.517 501.999 0.837459 
10 625.782 494.255 0.83597 
11 655.465 477.478 0.842222 
12 677.405 452.956 0.844187 
13 695.474 428.435 0.809742 
14 707.089 397.461 0.79687 
15 714.833 365.196 0.762423 
16 717.414 330.35 0.828889 
17 719.995 296.794 0.775865 
18 492.85 264.529 0.85176 
19 509.628 247.752 0.843857 
20 530.278 243.88 0.894557 
21 552.218 246.461 0.901779 
22 571.577 255.495 0.892379 
23 614.166 254.205 0.877462 
24 636.106 245.17 0.924345 
25 659.337 240.008 0.852325 
26 686.44 245.17 0.911571 
27 700.636 263.239 0.854771 
28 590.935 280.016 0.820627 
29 587.064 296.794 0.834865 
30 585.773 316.153 0.877881 
31 584.482 332.931 0.822659 
32 562.542 358.743 0.930678 
33 574.158 361.324 0.919208 
34 585.773 366.486 0.894386 
35 601.26 360.033 0.865599 
36 614.166 358.743 0.900023 
37 518.662 294.213 0.891283 
38 531.568 286.469 0.959586 
39 547.055 286.469 0.903811 
40 562.542 294.213 0.886546 
41 547.055 296.794 0.877113 
42 531.568 296.794 0.948373 
43 625.782 295.504 0.921677 
44 643.85 286.469 0.905909 
45 658.046 287.76 0.894993 
46 674.824 295.504 0.936083 
47 658.046 298.085 0.886709 
48 642.559 296.794 0.884948 
49 541.893 415.529 0.874259 
50 554.799 400.042 0.931061 
51 572.867 391.008 0.939168 
52 585.773 397.461 0.875924 
53 603.841 391.008 0.904705 
54 624.491 400.042 0.90474 
55 642.559 415.529 0.822921 
56 624.491 429.726 0.954784 
57 605.132 436.179 0.884845 
58 588.354 437.469 0.814932 
59 574.158 434.888 0.884069 
60 556.089 429.726 0.862005 
61 549.636 414.238 0.826688 
62 574.158 410.367 0.960407 
63 587.064 410.367 0.91772 
64 603.841 410.367 0.9257 
65 633.525 414.238 0.830399 
66 603.841 410.367 0.923965 
67 587.064 410.367 0.885122 
68 574.158 410.367 0.962381 
69 541.893 291.632 0.826535 
70 651.593 294.213 0.796459 
