1 468.05 296.352 0.816058 
2 464.052 325.676 0.822848 
3 466.717 356.334 0.801346 
4 470.716 386.992 0.849751 
5 481.38 417.649 0.839109 
6 500.041 445.641 0.741545 
7 517.369 470.967 0.791977 
8 542.695 492.294 0.856478 
9 573.353 498.959 0.773953 
10 608.009 492.294 0.859669 
11 636.001 472.3 0.813397 
12 659.994 449.64 0.850822 
13 678.655 421.648 0.763066 
14 690.652 390.991 0.75899 
15 694.651 361.666 0.800294 
16 699.982 328.342 0.771679 
17 702.648 295.019 0.756764 
18 474.715 257.696 0.829248 
19 488.045 240.368 0.828589 
20 504.04 236.369 0.887455 
21 524.034 239.035 0.91381 
22 544.028 248.366 0.93392 
23 586.682 248.366 0.883241 
24 609.342 237.702 0.909659 
25 633.335 235.036 0.85426 
26 661.327 243.034 0.847681 
27 675.99 260.362 0.853058 
28 564.022 276.358 0.867088 
29 562.689 292.353 0.844968 
30 560.023 311.014 0.871907 
31 557.358 327.009 0.800058 
32 534.698 353.668 0.924898 
33 546.694 356.334 0.849518 
34 564.022 361.666 0.85547 
35 577.352 356.334 0.916079 
36 589.348 353.668 0.874362 
37 494.709 285.688 0.870399 
38 508.039 279.023 0.889901 
39 524.034 279.023 0.958629 
40 538.696 287.021 0.848267 
41 524.034 289.687 0.985547 
42 508.039 291.02 0.899276 
43 598.679 287.021 0.880077 
44 618.673 277.69 0.909275 
45 633.335 279.023 0.891492 
46 650.664 284.355 0.921519 
47 634.668 289.687 0.883487 
48 618.673 289.687 0.898769 
49 517.369 404.32 0.838217 
50 533.365 389.658 0.855727 
51 550.693 384.326 0.855572 
52 565.355 385.659 0.973949 
53 578.685 382.993 0.836508 
54 600.012 386.992 0.889157 
55 621.339 398.988 0.850122 
56 606.677 418.982 0.881157 
57 586.682 429.646 0.900787 
58 566.688 430.979 0.883462 
59 553.359 429.646 0.882535 
60 533.365 421.648 0.868203 
61 524.034 404.32 0.86323 
62 550.693 396.322 0.8759 
63 565.355 396.322 0.945363 
64 580.018 394.989 0.824012 
65 613.341 398.988 0.784252 
66 582.684 408.319 0.867436 
67 566.688 409.652 0.886734 
68 552.026 408.319 0.823689 
69 517.369 280.356 0.843228 
70 628.004 280.356 0.828266 
