1 478.416 293.643 0.80896 
2 478.416 327.173 0.863255 
3 482.285 358.124 0.7815 
4 488.733 390.364 0.818235 
5 499.05 421.314 0.808615 
6 515.815 450.975 0.779875 
7 531.29 472.898 0.781416 
8 558.372 493.532 0.801938 
9 589.322 502.559 0.793085 
10 622.852 493.532 0.851576 
11 652.513 478.057 0.835655 
12 674.436 453.554 0.841989 
13 693.78 429.052 0.827116 
14 704.097 398.101 0.821367 
15 713.124 367.151 0.800995 
16 715.703 332.331 0.818432 
17 719.572 297.512 0.763467 
18 491.312 257.535 0.837593 
19 508.077 245.928 0.902646 
20 528.711 244.638 0.901442 
21 549.344 247.218 0.918703 
22 567.399 256.245 0.890222 
23 609.956 254.955 0.858745 
24 631.879 244.638 0.930698 
25 655.092 238.19 0.86536 
26 682.174 244.638 0.893853 
27 696.359 261.403 0.853634 
28 586.743 278.168 0.84475 
29 582.874 297.512 0.882961 
30 581.585 315.567 0.884733 
31 581.585 332.331 0.839696 
32 559.661 358.124 0.938953 
33 569.978 360.703 0.9511 
34 581.585 364.572 0.904877 
35 594.481 360.703 0.888753 
36 608.666 358.124 0.871551 
37 509.367 289.775 0.921335 
38 523.552 285.906 0.902458 
39 540.317 285.906 0.920038 
40 558.372 289.775 0.815568 
41 540.317 294.933 0.876599 
42 522.263 296.223 0.887868 
43 621.562 293.643 0.917407 
44 637.037 287.195 0.91712 
45 653.802 287.195 0.951772 
46 667.988 292.354 0.843401 
47 653.802 296.223 0.962351 
48 634.458 296.223 0.933154 
49 537.738 413.576 0.853104 
50 550.634 399.391 0.990218 
51 568.689 390.364 0.92371 
52 581.585 392.943 0.908025 
53 597.06 390.364 0.891164 
54 617.693 399.391 0.87258 
55 635.748 414.866 0.823838 
56 620.273 430.341 0.909036 
57 600.929 435.5 0.866433 
58 581.585 438.079 0.872799 
59 568.689 434.21 0.845854 
60 550.634 430.341 0.890573 
61 545.476 412.287 0.833817 
62 568.689 409.708 0.927722 
63 581.585 410.997 0.976627 
64 599.639 409.708 0.894188 
65 626.721 413.576 0.801153 
66 599.639 410.997 0.884418 
67 581.585 410.997 0.949588 
68 569.978 410.997 0.943865 
69 531.29 287.195 0.818612 
70 643.485 289.775 0.859631 
