1 473.6 293.954 0.882391 
2 473.6 324.881 0.921584 
3 476.178 357.096 0.816303 
4 483.909 389.312 0.824048 
5 494.218 418.95 0.761349 
6 507.104 448.588 0.789455 
7 526.434 471.784 0.77558 
8 552.206 491.113 0.75475 
9 584.422 498.845 0.79773 
10 617.926 493.69 0.803557 
11 647.564 478.227 0.826328 
12 669.471 455.032 0.814909 
13 686.223 426.682 0.824461 
14 697.82 395.755 0.821326 
15 701.686 366.117 0.872677 
16 709.418 333.901 0.878991 
17 710.707 301.686 0.823472 
18 485.198 263.027 0.970332 
19 498.084 250.141 0.864443 
20 517.413 243.698 0.869842 
21 539.32 250.141 0.858251 
22 557.361 256.584 0.861363 
23 598.597 254.007 0.874969 
24 620.503 243.698 0.851866 
25 648.853 241.12 0.932968 
26 672.048 247.564 0.851533 
27 690.089 264.316 0.894263 
28 577.979 277.202 0.905649 
29 576.69 293.954 0.935627 
30 576.69 313.283 0.903513 
31 574.113 330.035 0.793477 
32 554.783 355.808 0.902502 
33 565.092 357.096 0.883495 
34 576.69 362.251 0.890396 
35 588.288 358.385 0.909457 
36 598.597 355.808 0.908631 
37 505.816 284.934 0.909478 
38 519.991 277.202 0.810523 
39 536.743 277.202 0.858647 
40 553.495 288.799 0.831529 
41 536.743 292.665 0.91473 
42 519.991 292.665 0.868193 
43 614.06 288.799 0.831409 
44 629.523 278.49 0.850187 
45 648.853 279.779 0.896387 
46 660.45 287.511 0.935296 
47 648.853 292.665 0.970466 
48 629.523 292.665 0.918092 
49 532.877 412.507 0.815563 
50 545.763 397.044 0.961875 
51 562.515 386.735 0.869861 
52 576.69 391.889 0.899579 
53 588.288 386.735 0.899925 
54 610.194 397.044 0.905035 
55 629.523 413.796 0.863229 
56 612.771 426.682 0.895656 
57 594.731 433.125 0.828956 
58 577.979 434.414 0.885072 
59 563.804 431.836 0.821045 
60 547.052 426.682 0.908115 
61 539.32 409.93 0.826293 
62 563.804 406.064 0.885454 
63 576.69 406.064 0.95357 
64 590.865 406.064 0.87129 
65 620.503 413.796 0.816076 
66 590.865 407.353 0.848575 
67 576.69 408.641 0.901558 
68 563.804 407.353 0.846639 
69 531.588 282.356 0.794027 
70 639.832 282.356 0.863922 
