1 469.832 298.01 0.812954 
2 469.832 330.634 0.7954 
3 475.051 360.648 0.78043 
4 478.966 391.967 0.751629 
5 488.101 420.676 0.746703 
6 506.37 449.385 0.806755 
7 523.335 471.569 0.755723 
8 548.129 492.448 0.831526 
9 579.448 500.278 0.800847 
10 612.072 492.448 0.851437 
11 642.086 476.789 0.814627 
12 664.27 451.995 0.816903 
13 683.844 427.201 0.822608 
14 694.284 395.882 0.80806 
15 702.114 364.563 0.792798 
16 704.724 330.634 0.823412 
17 706.029 295.4 0.806878 
18 477.661 262.776 0.896897 
19 493.321 249.727 0.855648 
20 512.895 243.202 0.83389 
21 532.469 249.727 0.85723 
22 549.434 257.556 0.879878 
23 591.192 253.641 0.850799 
24 613.377 244.507 0.834484 
25 640.781 240.592 0.925961 
26 664.27 247.117 0.877281 
27 683.844 262.776 0.921483 
28 569.008 278.436 0.878625 
29 569.008 294.095 0.902577 
30 566.398 311.06 0.819321 
31 563.788 325.414 0.828273 
32 546.824 356.733 0.907286 
33 557.264 358.038 0.890649 
34 569.008 361.953 0.866203 
35 580.753 358.038 0.915485 
36 592.497 355.428 0.87986 
37 498.541 291.485 0.899272 
38 511.59 281.046 0.893487 
39 528.555 281.046 0.882891 
40 546.824 290.18 0.871107 
41 529.86 294.095 0.879848 
42 512.895 295.4 0.839558 
43 604.242 290.18 0.845608 
44 621.206 281.046 0.927024 
45 642.086 281.046 0.906767 
46 653.83 288.875 0.913827 
47 642.086 294.095 0.919811 
48 621.206 294.095 0.950263 
49 525.945 411.541 0.855186 
50 537.689 397.187 0.979962 
51 555.959 388.052 0.879413 
52 569.008 390.662 0.908248 
53 582.058 388.052 0.898185 
54 602.937 397.187 0.86608 
55 623.816 410.236 0.867671 
56 606.852 427.201 0.836058 
57 587.278 431.115 0.836923 
58 570.313 432.42 0.881003 
59 557.264 431.115 0.869622 
60 538.994 427.201 0.871639 
61 531.164 410.236 0.847013 
62 557.264 407.626 0.894881 
63 569.008 407.626 0.957413 
64 584.668 407.626 0.849141 
65 614.682 410.236 0.831376 
66 584.668 408.931 0.838183 
67 570.313 408.931 0.933233 
68 557.264 408.931 0.897056 
69 522.03 284.96 0.782587 
70 631.646 283.655 0.863617 
