1 477.828 288.783 0.801421 
2 476.521 322.757 0.7868 
3 481.748 354.118 0.769283 
4 484.361 386.785 0.793636 
5 494.814 418.145 0.766762 
6 506.575 444.279 0.75055 
7 524.868 469.106 0.809658 
8 547.082 490.013 0.831106 
9 578.442 493.933 0.811228 
10 613.723 491.319 0.795294 
11 642.47 475.639 0.781068 
12 669.91 452.119 0.790301 
13 686.897 427.292 0.799088 
14 699.964 397.238 0.800918 
15 705.19 365.878 0.819537 
16 713.031 333.211 0.847733 
17 714.337 300.543 0.782424 
18 484.361 254.81 0.852043 
19 496.121 240.436 0.892307 
20 515.721 232.596 0.878408 
21 536.628 239.129 0.883751 
22 557.535 248.276 0.900034 
23 599.349 246.969 0.82616 
24 622.869 237.823 0.83405 
25 650.31 231.289 0.916698 
26 675.137 241.743 0.871915 
27 692.124 261.343 0.917616 
28 577.135 271.796 0.939592 
29 575.829 288.783 0.844029 
30 570.602 305.77 0.835233 
31 567.989 325.37 0.901729 
32 549.695 350.197 0.844446 
33 558.842 355.424 0.915787 
34 570.602 356.731 0.895627 
35 586.282 355.424 0.905093 
36 598.042 352.811 0.867904 
37 505.268 278.33 0.892527 
38 517.028 265.263 0.867933 
39 536.628 263.956 0.884228 
40 551.002 279.637 0.834603 
41 536.628 282.25 0.938742 
42 517.028 283.557 0.920841 
43 613.723 282.25 0.847561 
44 629.403 266.57 0.89211 
45 650.31 269.183 0.872731 
46 662.07 282.25 0.945075 
47 649.003 283.557 0.909167 
48 629.403 283.557 0.947011 
49 528.788 408.998 0.871009 
50 541.855 392.011 0.823219 
51 557.535 384.171 0.889949 
52 570.602 386.785 0.905349 
53 587.589 385.478 0.890016 
54 608.496 393.318 0.846562 
55 628.096 408.998 0.884682 
56 608.496 419.452 0.912139 
57 588.896 427.292 0.923955 
58 573.215 428.598 0.844679 
59 557.535 427.292 0.895417 
60 544.468 419.452 0.866492 
61 536.628 407.692 0.896259 
62 557.535 399.851 0.90445 
63 571.909 401.158 0.850754 
64 587.589 399.851 0.886237 
65 618.949 407.692 0.895764 
66 587.589 401.158 0.868406 
67 570.602 402.465 0.82714 
68 557.535 401.158 0.87201 
69 527.482 271.796 0.805487 
70 639.856 273.103 0.90002 
