1 481.022 291.687 0.802793 
2 482.33 323.066 0.78759 
3 486.252 355.753 0.786163 
4 488.867 388.44 0.770668 
5 498.019 418.512 0.745661 
6 513.709 445.969 0.763195 
7 530.706 470.811 0.761486 
8 555.548 491.731 0.762989 
9 586.928 498.268 0.788649 
10 622.229 494.346 0.824229 
11 650.994 477.348 0.830899 
12 674.528 455.121 0.868867 
13 692.833 426.357 0.784819 
14 705.908 394.977 0.807162 
15 712.445 363.598 0.772371 
16 716.368 330.911 0.883322 
17 718.983 298.224 0.789929 
18 490.174 257.693 0.888695 
19 505.864 243.31 0.852272 
20 526.784 236.773 0.888321 
21 547.703 238.08 0.895246 
22 567.315 247.233 0.87788 
23 609.155 247.233 0.841235 
24 632.689 238.08 0.888195 
25 656.224 235.466 0.912536 
26 683.681 244.618 0.843923 
27 698.063 261.615 0.839344 
28 586.928 272.075 0.847476 
29 583.005 290.379 0.886983 
30 581.698 309.992 0.956225 
31 580.39 329.604 0.906507 
32 559.471 353.138 0.912555 
33 569.93 359.676 0.946672 
34 581.698 360.983 0.98586 
35 593.465 360.983 0.895061 
36 607.847 355.753 0.836589 
37 511.094 279.92 0.877563 
38 524.169 268.152 0.881007 
39 541.166 268.152 0.855666 
40 559.471 281.227 0.874071 
41 541.166 286.457 0.862215 
42 525.476 287.765 0.88516 
43 620.922 282.535 0.871585 
44 633.997 268.152 0.963701 
45 654.916 269.46 0.878399 
46 669.298 282.535 0.845733 
47 654.916 287.765 0.945742 
48 633.997 287.765 0.946213 
49 538.551 411.975 0.874469 
50 550.318 394.977 0.903828 
51 568.623 388.44 0.85581 
52 581.698 392.363 0.950554 
53 596.08 388.44 0.847016 
54 615.692 396.285 0.833019 
55 633.997 413.282 0.927879 
56 617 426.357 0.856135 
57 598.695 434.202 0.879319 
58 581.698 434.202 0.930124 
59 568.623 432.894 0.834885 
60 550.318 425.049 0.899822 
61 545.088 411.975 0.834557 
62 568.623 405.437 0.869186 
63 581.698 406.745 0.91996 
64 597.387 405.437 0.839732 
65 624.844 413.282 0.88252 
66 597.387 406.745 0.820893 
67 581.698 408.052 0.890491 
68 568.623 406.745 0.848367 
69 533.321 275.997 0.753789 
70 643.149 277.305 0.877291 
