1 481.279 294.536 0.858118 
2 481.279 326.799 0.894976 
3 485.151 357.771 0.8022 
4 491.603 390.033 0.81896 
5 501.927 421.005 0.762698 
6 518.704 450.687 0.785913 
7 536.771 475.207 0.742339 
8 562.581 494.564 0.802399 
9 593.553 501.017 0.846117 
10 625.816 494.564 0.817151 
11 655.497 479.078 0.880309 
12 677.436 453.268 0.820545 
13 696.793 428.748 0.830302 
14 707.117 397.776 0.841515 
15 716.151 366.804 0.82113 
16 718.732 334.542 0.843895 
17 722.604 298.408 0.731742 
18 496.765 262.273 0.824884 
19 510.961 246.787 0.870738 
20 531.609 244.206 0.915106 
21 552.257 248.078 0.893253 
22 572.905 255.821 0.904759 
23 614.201 254.53 0.889617 
24 636.14 245.497 0.910273 
25 658.078 242.916 0.885503 
26 685.179 245.497 0.893041 
27 700.665 262.273 0.849589 
28 592.263 282.921 0.857053 
29 588.391 297.117 0.812307 
30 585.81 315.184 0.888247 
31 584.52 333.251 0.825979 
32 563.872 357.771 0.927589 
33 574.196 361.642 0.900175 
34 585.81 365.514 0.914327 
35 601.296 362.933 0.844567 
36 614.201 357.771 0.90041 
37 519.994 293.246 0.901831 
38 531.609 285.502 0.955597 
39 549.676 285.502 0.914235 
40 563.872 294.536 0.891897 
41 549.676 295.827 0.87634 
42 531.609 295.827 0.925656 
43 625.816 294.536 0.905932 
44 645.173 285.502 0.919678 
45 660.659 286.793 0.87335 
46 676.145 294.536 0.98638 
47 660.659 298.408 0.855988 
48 643.883 297.117 0.896806 
49 541.933 415.843 0.864976 
50 554.838 399.067 0.899296 
51 572.905 390.033 0.912149 
52 585.81 396.486 0.887973 
53 603.877 391.324 0.880703 
54 624.525 400.357 0.875281 
55 643.883 418.424 0.866688 
56 624.525 430.039 0.921164 
57 603.877 439.072 0.939871 
58 588.391 439.072 0.848407 
59 574.196 437.782 0.904328 
60 557.419 430.039 0.850386 
61 550.967 414.553 0.827822 
62 574.196 409.391 0.941994 
63 585.81 410.681 0.896801 
64 603.877 409.391 0.914758 
65 634.849 417.134 0.862948 
66 603.877 410.681 0.899943 
67 585.81 410.681 0.863283 
68 574.196 410.681 0.926238 
69 541.933 290.664 0.837462 
70 652.916 293.246 0.811739 
