1 480.316 295.518 0.858241 
2 481.606 327.773 0.875854 
3 484.187 360.029 0.775181 
4 490.638 392.285 0.794903 
5 500.96 421.96 0.739279 
6 520.313 451.636 0.811438 
7 537.086 474.86 0.739786 
8 561.601 494.213 0.827205 
9 593.856 501.955 0.834426 
10 626.112 494.213 0.826405 
11 654.497 477.44 0.839252 
12 676.431 452.926 0.833016 
13 695.785 428.411 0.821931 
14 706.107 398.736 0.810673 
15 715.138 366.48 0.797417 
16 717.719 334.224 0.809502 
17 721.589 298.098 0.729152 
18 494.508 264.552 0.828028 
19 509.991 247.779 0.862903 
20 530.635 243.908 0.915705 
21 551.279 246.489 0.915973 
22 571.922 255.52 0.899368 
23 613.21 254.23 0.896178 
24 635.144 245.198 0.921994 
25 659.658 240.038 0.845794 
26 685.463 245.198 0.917083 
27 702.236 263.262 0.839076 
28 591.276 281.325 0.843708 
29 588.695 296.808 0.818821 
30 584.825 316.161 0.857514 
31 584.825 331.644 0.803848 
32 562.891 358.739 0.926126 
33 573.213 361.319 0.907242 
34 584.825 366.48 0.887889 
35 601.598 361.319 0.870216 
36 613.21 358.739 0.906763 
37 519.023 294.227 0.897252 
38 530.635 286.486 0.960076 
39 548.698 286.486 0.915451 
40 562.891 294.227 0.882756 
41 548.698 296.808 0.890129 
42 530.635 296.808 0.940088 
43 626.112 294.227 0.890784 
44 644.175 286.486 0.936023 
45 660.948 287.776 0.870132 
46 675.141 295.518 0.976628 
47 660.948 298.098 0.861208 
48 644.175 296.808 0.919182 
49 540.957 415.509 0.870182 
50 553.859 400.026 0.905888 
51 573.213 390.995 0.937639 
52 586.115 397.446 0.872968 
53 602.888 390.995 0.922552 
54 623.532 400.026 0.922685 
55 642.885 416.799 0.850991 
56 623.532 430.992 0.958532 
57 604.178 437.443 0.905785 
58 588.695 438.733 0.834498 
59 573.213 436.153 0.88845 
60 557.73 429.702 0.865146 
61 549.988 414.219 0.837361 
62 573.213 410.348 0.963154 
63 586.115 410.348 0.909096 
64 602.888 410.348 0.935443 
65 633.854 415.509 0.849521 
66 602.888 410.348 0.923772 
67 586.115 410.348 0.869629 
68 573.213 410.348 0.952635 
69 540.957 290.357 0.841909 
70 653.207 294.227 0.813983 
