1 477.499 291.76 0.784232 
2 478.798 324.241 0.823036 
3 481.397 355.424 0.793437 
4 485.294 387.905 0.731541 
5 494.389 419.087 0.735438 
6 511.28 448.97 0.776052 
7 526.871 471.058 0.743722 
8 551.557 491.846 0.755513 
9 581.44 499.642 0.773279 
10 616.52 494.444 0.79413 
11 647.702 478.853 0.83298 
12 669.789 455.467 0.811812 
13 689.278 426.883 0.824593 
14 700.972 395.701 0.847716 
15 710.066 364.518 0.854598 
16 711.366 332.037 0.84534 
17 712.665 295.658 0.757292 
18 485.294 259.278 0.825248 
19 502.185 244.986 0.832336 
20 521.674 241.089 0.88355 
21 541.163 246.286 0.830565 
22 558.053 254.081 0.844742 
23 597.031 252.782 0.860578 
24 621.717 243.687 0.83685 
25 647.702 239.789 0.952475 
26 672.388 242.388 0.854001 
27 690.578 261.877 0.942813 
28 576.243 278.767 0.901382 
29 574.943 294.358 0.918082 
30 573.644 312.548 0.920583 
31 571.046 328.139 0.783192 
32 552.856 355.424 0.903582 
33 563.25 358.022 0.86879 
34 574.943 363.219 0.881864 
35 586.637 359.321 0.880999 
36 598.33 355.424 0.867245 
37 503.484 289.161 0.944528 
38 515.177 281.366 0.908892 
39 534.666 281.366 0.890287 
40 551.557 289.161 0.818965 
41 534.666 293.059 0.863184 
42 515.177 294.358 0.874458 
43 615.22 291.76 0.893366 
44 628.213 281.366 0.984423 
45 647.702 282.665 0.941979 
46 659.395 290.46 0.943952 
47 647.702 294.358 0.902445 
48 628.213 294.358 0.939369 
49 532.068 413.89 0.820635 
50 543.761 397 0.954905 
51 559.352 386.606 0.872597 
52 574.943 391.803 0.880372 
53 586.637 386.606 0.912248 
54 607.425 397 0.927365 
55 628.213 415.19 0.893535 
56 608.724 428.182 0.918045 
57 589.235 434.678 0.851729 
58 574.943 435.978 0.8904 
59 559.352 433.379 0.814154 
60 543.761 426.883 0.913727 
61 537.265 411.292 0.822849 
62 559.352 407.394 0.885106 
63 574.943 407.394 0.926736 
64 586.637 407.394 0.909567 
65 617.819 415.19 0.844994 
66 586.637 407.394 0.890403 
67 574.943 407.394 0.88581 
68 559.352 407.394 0.864741 
69 525.571 283.964 0.762702 
70 637.308 286.563 0.852794 
