1 469.738 299.61 0.811378 
2 468.432 330.95 0.835933 
3 473.655 360.984 0.770449 
4 477.573 391.018 0.79704 
5 488.019 421.052 0.780129 
6 506.301 449.781 0.79316 
7 524.583 471.98 0.766297 
8 548.088 492.873 0.822299 
9 579.428 502.014 0.795691 
10 613.38 492.873 0.856418 
11 643.414 475.898 0.811148 
12 665.613 451.087 0.845248 
13 685.201 424.97 0.792001 
14 695.647 393.63 0.793357 
15 700.871 362.29 0.768959 
16 704.788 329.644 0.807127 
17 706.094 295.692 0.818902 
18 477.573 263.046 0.913258 
19 489.325 249.988 0.873761 
20 510.219 243.459 0.869072 
21 529.806 249.988 0.898925 
22 550.7 257.823 0.896976 
23 591.181 253.905 0.846389 
24 613.38 244.765 0.873128 
25 639.496 240.847 0.884679 
26 664.307 248.682 0.89065 
27 683.895 264.352 0.86476 
28 568.981 278.716 0.859572 
29 567.675 294.386 0.858734 
30 563.758 311.362 0.800217 
31 562.452 325.726 0.859482 
32 544.17 355.761 0.885981 
33 555.923 358.372 0.851701 
34 568.981 360.984 0.831357 
35 580.734 357.066 0.927683 
36 592.486 355.761 0.886751 
37 498.466 289.163 0.887438 
38 511.525 280.022 0.856885 
39 529.806 280.022 0.885649 
40 546.782 289.163 0.839406 
41 529.806 294.386 0.920821 
42 511.525 294.386 0.869421 
43 604.239 287.857 0.871994 
44 622.521 277.41 0.892463 
45 642.108 278.716 0.864077 
46 655.167 287.857 0.924757 
47 642.108 294.386 0.931373 
48 622.521 293.08 0.934589 
49 523.277 409.3 0.900868 
50 538.947 397.547 0.953833 
51 553.311 388.407 0.875183 
52 568.981 391.018 0.869153 
53 582.04 388.407 0.929705 
54 602.933 396.242 0.872325 
55 625.132 407.994 0.890088 
56 605.545 423.664 0.798687 
57 585.957 430.193 0.845323 
58 570.287 431.499 0.905075 
59 554.617 430.193 0.860433 
60 538.947 424.97 0.856359 
61 529.806 409.3 0.903516 
62 554.617 406.688 0.873458 
63 570.287 407.994 0.909942 
64 582.04 406.688 0.873356 
65 615.991 407.994 0.848133 
66 582.04 407.994 0.884384 
67 570.287 407.994 0.895731 
68 554.617 407.994 0.88308 
69 521.971 283.94 0.804252 
70 632.967 283.94 0.860335 
