1 481.258 294.49 0.844338 
2 482.556 326.932 0.884199 
3 485.151 359.374 0.790924 
4 491.639 391.816 0.808843 
5 502.021 421.662 0.771667 
6 518.891 451.509 0.789717 
7 535.76 474.867 0.758662 
8 561.714 494.332 0.816705 
9 594.156 502.118 0.843465 
10 626.598 494.332 0.843623 
11 656.445 478.76 0.850846 
12 678.505 452.807 0.835588 
13 696.673 428.151 0.809123 
14 708.352 398.304 0.819377 
15 716.138 367.16 0.79947 
16 718.733 333.42 0.835426 
17 721.329 297.085 0.754496 
18 496.83 262.048 0.819936 
19 511.105 246.475 0.865632 
20 531.867 243.88 0.913765 
21 553.928 247.773 0.882079 
22 573.393 255.559 0.892423 
23 614.919 254.261 0.880185 
24 636.98 243.88 0.907521 
25 659.04 241.285 0.869198 
26 686.291 243.88 0.890921 
27 700.566 263.345 0.872508 
28 591.561 282.81 0.844735 
29 587.668 297.085 0.820735 
30 585.072 315.252 0.906694 
31 585.072 333.42 0.845474 
32 564.31 358.076 0.933102 
33 574.691 360.671 0.911422 
34 586.37 365.862 0.909428 
35 600.645 361.969 0.837648 
36 613.621 358.076 0.883766 
37 518.891 293.192 0.899031 
38 531.867 285.406 0.949918 
39 550.035 285.406 0.904239 
40 563.012 294.49 0.910853 
41 550.035 295.787 0.866628 
42 531.867 295.787 0.924707 
43 626.598 294.49 0.926516 
44 644.766 286.703 0.896341 
45 660.338 286.703 0.878581 
46 677.208 294.49 0.966595 
47 660.338 298.383 0.865842 
48 643.468 295.787 0.88015 
49 542.249 415.174 0.875578 
50 555.226 399.602 0.91945 
51 573.393 391.816 0.912987 
52 586.37 397.006 0.896382 
53 603.24 391.816 0.865418 
54 624.003 400.899 0.861784 
55 643.468 417.769 0.843784 
56 625.3 430.746 0.92867 
57 604.538 438.532 0.925198 
58 587.668 438.532 0.859578 
59 573.393 438.532 0.898438 
60 555.226 430.746 0.871354 
61 550.035 413.876 0.828737 
62 573.393 409.983 0.949674 
63 586.37 409.983 0.933435 
64 604.538 409.983 0.922982 
65 634.384 417.769 0.834165 
66 604.538 409.983 0.902067 
67 586.37 411.281 0.89274 
68 573.393 409.983 0.936786 
69 542.249 290.596 0.831177 
70 652.552 293.192 0.804259 
