1 474.49 292.055 0.805842 
2 474.49 323.259 0.830808 
3 477.09 355.763 0.78728 
4 480.991 386.967 0.734624 
5 488.792 416.871 0.748085 
6 505.694 446.775 0.758157 
7 521.296 470.178 0.757442 
8 545.999 490.98 0.758082 
9 577.203 498.781 0.779608 
10 612.307 494.881 0.801839 
11 643.511 477.979 0.860234 
12 665.614 455.876 0.824257 
13 685.117 427.272 0.851886 
14 696.818 396.068 0.86565 
15 705.919 363.564 0.882137 
16 707.219 332.36 0.860702 
17 709.82 294.655 0.750355 
18 479.691 259.551 0.908064 
19 495.293 246.549 0.815953 
20 513.495 240.049 0.864391 
21 532.997 245.249 0.838456 
22 551.2 253.05 0.879493 
23 592.805 251.75 0.869892 
24 616.208 243.949 0.845266 
25 643.511 238.748 0.945371 
26 666.914 243.949 0.853868 
27 686.417 260.851 0.909355 
28 572.002 276.453 0.911443 
29 570.702 292.055 0.933225 
30 569.402 311.558 0.909176 
31 566.802 327.16 0.792978 
32 547.299 354.463 0.898813 
33 557.701 357.063 0.858825 
34 569.402 360.964 0.87369 
35 581.103 357.063 0.898981 
36 592.805 354.463 0.891377 
37 499.193 284.254 0.910313 
38 509.594 273.853 0.890626 
39 529.097 272.553 0.875472 
40 544.699 284.254 0.82142 
41 529.097 290.755 0.891761 
42 510.895 290.755 0.941809 
43 605.807 290.755 0.883054 
44 622.709 273.853 0.881859 
45 642.211 273.853 0.832469 
46 655.213 282.954 0.916397 
47 643.511 292.055 0.92465 
48 622.709 292.055 0.972304 
49 526.497 412.97 0.821339 
50 538.198 396.068 0.933832 
51 553.8 385.667 0.885364 
52 569.402 389.567 0.869901 
53 582.404 385.667 0.944124 
54 603.206 396.068 0.949468 
55 622.709 414.271 0.873784 
56 603.206 427.272 0.927863 
57 583.704 432.473 0.849952 
58 570.702 433.773 0.870473 
59 553.8 431.173 0.824638 
60 539.498 425.972 0.919881 
61 531.697 410.37 0.833352 
62 553.8 405.169 0.900485 
63 569.402 405.169 0.913215 
64 582.404 405.169 0.918767 
65 613.608 412.97 0.855339 
66 582.404 406.47 0.896446 
67 569.402 407.77 0.872386 
68 553.8 406.47 0.869534 
69 519.996 280.354 0.823502 
70 630.51 280.354 0.781924 
