1 468.467 295.233 0.813187 
2 464.482 324.458 0.833049 
3 467.139 355.01 0.801658 
4 471.124 386.892 0.851185 
5 481.751 417.445 0.838934 
6 501.677 446.669 0.755824 
7 518.946 471.908 0.795324 
8 544.185 493.163 0.890824 
9 574.738 498.476 0.792891 
10 607.948 491.834 0.870806 
11 635.844 471.908 0.803921 
12 661.083 449.326 0.855815 
13 678.353 422.758 0.75887 
14 690.308 393.534 0.770512 
15 694.293 362.981 0.82261 
16 700.935 331.099 0.79627 
17 703.592 297.89 0.77296 
18 476.438 259.367 0.82599 
19 489.722 244.754 0.83149 
20 506.991 238.112 0.85543 
21 526.916 243.426 0.842539 
22 545.514 251.396 0.906143 
23 586.694 250.068 0.845943 
24 609.276 239.441 0.88173 
25 634.516 236.784 0.877479 
26 661.083 246.083 0.88968 
27 678.353 262.023 0.829293 
28 565.44 276.636 0.8849 
29 564.111 292.576 0.866528 
30 561.454 311.174 0.873849 
31 560.126 325.786 0.795506 
32 536.215 353.682 0.903465 
33 549.499 356.339 0.838021 
34 565.44 361.652 0.86756 
35 577.395 356.339 0.902017 
36 593.336 353.682 0.863388 
37 496.364 287.263 0.871836 
38 509.647 279.292 0.906284 
39 524.26 279.292 0.966704 
40 540.2 287.263 0.850952 
41 524.26 289.919 0.978208 
42 509.647 291.248 0.912398 
43 599.978 285.934 0.856869 
44 618.575 279.292 0.945058 
45 634.516 279.292 0.897812 
46 650.456 284.606 0.924186 
47 634.516 289.919 0.881185 
48 618.575 288.591 0.921841 
49 517.618 404.161 0.836593 
50 533.558 389.548 0.862761 
51 552.156 384.235 0.873288 
52 566.768 385.563 0.979641 
53 580.052 381.578 0.807729 
54 602.634 386.892 0.871458 
55 623.889 398.847 0.838666 
56 607.948 420.101 0.861593 
57 586.694 432.057 0.855285 
58 568.096 437.37 0.869923 
59 553.484 436.042 0.868337 
60 533.558 426.743 0.880194 
61 524.26 404.161 0.85824 
62 553.484 396.19 0.886774 
63 566.768 396.19 0.943933 
64 582.709 394.862 0.818069 
65 615.918 400.176 0.791221 
66 585.365 409.474 0.824457 
67 566.768 414.788 0.864514 
68 553.484 413.459 0.807935 
69 518.946 281.949 0.841386 
70 627.874 280.621 0.861557 
