1 473.945 289.738 0.798374 
2 473.945 322.054 0.823562 
3 475.238 354.369 0.773624 
4 482.993 386.685 0.731978 
5 489.456 416.415 0.673271 
6 504.968 444.852 0.776866 
7 520.479 471.997 0.72801 
8 543.746 492.679 0.764794 
9 574.769 497.85 0.763879 
10 609.67 495.264 0.860441 
11 640.692 477.168 0.849463 
12 663.959 455.193 0.806949 
13 683.349 426.756 0.798244 
14 694.982 394.44 0.793117 
15 702.738 362.125 0.8611 
16 706.616 331.102 0.830117 
17 710.494 296.202 0.753474 
18 482.993 257.423 0.890606 
19 494.627 245.79 0.888844 
20 515.309 240.619 0.860966 
21 534.698 245.79 0.882466 
22 550.209 254.838 0.858062 
23 590.28 254.838 0.814469 
24 617.425 245.79 0.860397 
25 640.692 238.034 0.937742 
26 667.837 245.79 0.85636 
27 683.349 261.301 0.840714 
28 568.306 276.812 0.920782 
29 567.013 291.031 0.924173 
30 565.721 309.128 0.933165 
31 563.135 327.224 0.798585 
32 545.039 353.077 0.881136 
33 555.38 358.247 0.871938 
34 567.013 360.832 0.926134 
35 578.647 359.54 0.909168 
36 590.28 354.369 0.821999 
37 497.212 287.153 0.885921 
38 508.846 276.812 0.865572 
39 526.942 275.52 0.864971 
40 545.039 284.568 0.829648 
41 526.942 289.738 0.873135 
42 508.846 289.738 0.866048 
43 603.206 288.446 0.887488 
44 618.718 275.52 0.911592 
45 639.4 276.812 0.863679 
46 653.619 284.568 0.862035 
47 639.4 291.031 0.896626 
48 618.718 291.031 0.943097 
49 524.357 412.537 0.874567 
50 535.99 394.44 0.903642 
51 551.502 385.392 0.840779 
52 567.013 390.563 0.912225 
53 578.647 385.392 0.869388 
54 599.329 394.44 0.884707 
55 620.01 412.537 0.896782 
56 601.914 424.171 0.886363 
57 582.525 431.926 0.852864 
58 567.013 433.219 0.922844 
59 551.502 431.926 0.835281 
60 535.99 424.171 0.912816 
61 530.82 411.244 0.845119 
62 551.502 403.489 0.860827 
63 567.013 404.781 0.916038 
64 579.939 403.489 0.880004 
65 609.67 412.537 0.862159 
66 579.939 404.781 0.854491 
67 567.013 406.074 0.868658 
68 551.502 404.781 0.823038 
69 517.894 279.398 0.792931 
70 627.766 279.398 0.794179 
