1 471.764 293.625 0.887208 
2 471.764 326.164 0.851792 
3 478.272 358.703 0.762839 
4 482.177 392.543 0.787619 
5 492.589 421.178 0.760896 
6 509.509 449.812 0.785067 
7 526.43 471.938 0.753429 
8 552.461 492.763 0.799095 
9 585 500.573 0.830961 
10 617.538 494.065 0.835334 
11 647.474 478.446 0.873287 
12 669.601 453.717 0.819714 
13 686.521 427.685 0.829584 
14 698.235 396.448 0.815791 
15 702.139 365.211 0.838187 
16 709.949 333.974 0.883447 
17 711.25 301.435 0.819479 
18 483.478 262.388 0.900907 
19 499.097 250.674 0.879999 
20 518.62 244.166 0.833822 
21 539.445 249.372 0.87209 
22 556.365 257.182 0.858893 
23 598.015 253.277 0.844758 
24 622.745 245.468 0.837569 
25 647.474 241.563 0.945274 
26 670.902 249.372 0.870329 
27 689.124 263.69 0.886207 
28 577.19 279.308 0.886012 
29 575.889 293.625 0.923928 
30 574.587 313.149 0.922533 
31 574.587 330.069 0.822148 
32 553.762 356.1 0.948476 
33 564.175 358.703 0.921969 
34 574.587 362.608 0.927566 
35 586.301 358.703 0.912233 
36 598.015 356.1 0.897903 
37 504.303 285.816 0.868871 
38 521.223 276.705 0.813436 
39 536.842 276.705 0.822797 
40 553.762 289.721 0.880365 
41 535.54 292.324 0.883505 
42 521.223 292.324 0.87803 
43 614.935 288.419 0.846542 
44 629.252 276.705 0.831594 
45 648.776 278.007 0.894204 
46 660.49 287.118 0.89815 
47 648.776 292.324 0.97722 
48 627.951 292.324 0.894371 
49 532.937 413.368 0.86439 
50 544.651 396.448 0.986446 
51 562.873 387.337 0.912652 
52 575.889 389.94 0.914887 
53 588.904 387.337 0.895672 
54 609.729 396.448 0.884256 
55 627.951 414.67 0.832131 
56 613.634 427.685 0.899031 
57 594.11 434.193 0.847891 
58 575.889 435.495 0.87576 
59 564.175 432.892 0.846911 
60 544.651 427.685 0.903448 
61 539.445 410.765 0.821213 
62 564.175 406.861 0.91042 
63 575.889 406.861 0.969675 
64 591.507 406.861 0.866634 
65 618.84 413.368 0.803553 
66 591.507 408.162 0.851778 
67 575.889 409.464 0.925068 
68 564.175 408.162 0.8848 
69 531.636 281.911 0.803342 
70 638.363 281.911 0.846655 
