1 472.548 296.096 0.842265 
2 471.23 329.045 0.806996 
3 475.184 359.358 0.813473 
4 479.138 389.671 0.75405 
5 488.364 417.349 0.730023 
6 506.815 446.344 0.801432 
7 522.631 468.749 0.754452 
8 547.672 488.519 0.793223 
9 577.986 497.745 0.792345 
10 612.253 489.837 0.821844 
11 642.566 475.339 0.824434 
12 664.972 451.616 0.812628 
13 684.741 423.938 0.84846 
14 696.603 392.307 0.855932 
15 700.557 361.994 0.849396 
16 705.829 329.045 0.882345 
17 707.147 296.096 0.817102 
18 477.82 256.556 0.871041 
19 494.954 244.695 0.89359 
20 514.723 240.741 0.815418 
21 534.493 244.695 0.880388 
22 551.626 253.921 0.880449 
23 591.165 252.603 0.855449 
24 613.571 243.377 0.887218 
25 639.93 235.469 0.870453 
26 664.972 243.377 0.897796 
27 683.423 257.874 0.825198 
28 570.078 275.008 0.906965 
29 570.078 289.506 0.889609 
30 568.76 306.639 0.854431 
31 564.806 319.819 0.82074 
32 548.99 350.132 0.920986 
33 559.534 352.768 0.904847 
34 570.078 355.404 0.87342 
35 581.94 352.768 0.918419 
36 593.801 351.45 0.898316 
37 498.907 285.552 0.912142 
38 509.451 272.372 0.88149 
39 529.221 269.736 0.888351 
40 546.354 282.916 0.828319 
41 529.221 288.188 0.925774 
42 510.769 288.188 0.875233 
43 606.981 286.87 0.879547 
44 622.797 271.054 0.893863 
45 641.248 269.736 0.832104 
46 655.746 280.28 0.918507 
47 642.566 288.188 0.920879 
48 622.797 288.188 0.979494 
49 527.903 408.123 0.874174 
50 539.765 392.307 0.987267 
51 556.898 383.081 0.884598 
52 570.078 385.717 0.909415 
53 581.94 383.081 0.931122 
54 603.027 392.307 0.917874 
55 624.115 408.123 0.868912 
56 605.663 423.938 0.865107 
57 585.893 426.574 0.829498 
58 571.396 429.21 0.88403 
59 558.216 426.574 0.853025 
60 539.765 423.938 0.885146 
61 534.493 406.805 0.82681 
62 558.216 402.851 0.898902 
63 570.078 402.851 0.953879 
64 583.257 401.533 0.887268 
65 613.571 406.805 0.854296 
66 583.257 404.169 0.867556 
67 570.078 404.169 0.921024 
68 558.216 404.169 0.892119 
69 518.677 277.644 0.854281 
70 630.704 277.644 0.843511 
