1 474.876 291.378 0.770743 
2 473.581 323.764 0.788154 
3 476.172 356.15 0.764982 
4 480.058 387.24 0.744828 
5 489.126 418.331 0.769948 
6 504.672 448.126 0.732318 
7 520.217 470.148 0.805373 
8 542.239 490.875 0.789725 
9 573.33 499.943 0.806255 
10 610.898 493.466 0.785334 
11 640.693 479.216 0.808191 
12 665.306 455.898 0.813639 
13 684.738 427.399 0.851076 
14 696.397 397.604 0.860144 
15 705.465 365.218 0.870046 
16 706.76 332.832 0.847252 
17 708.056 296.559 0.750118 
18 478.763 258.992 0.849992 
19 494.308 244.742 0.799735 
20 512.444 242.151 0.871266 
21 531.876 243.446 0.856041 
22 551.307 252.514 0.916399 
23 591.466 252.514 0.897189 
24 614.784 243.446 0.875764 
25 643.284 239.56 0.904524 
26 667.897 243.446 0.86532 
27 686.033 262.878 0.912851 
28 570.739 274.537 0.958886 
29 569.444 292.673 0.905929 
30 564.262 312.105 0.837969 
31 561.671 326.355 0.841679 
32 543.535 354.854 0.896779 
33 552.603 356.15 0.88765 
34 565.557 360.036 0.826179 
35 579.807 356.15 0.905906 
36 591.466 354.854 0.921328 
37 499.49 283.605 0.944242 
38 509.853 273.241 0.944149 
39 529.285 273.241 0.890025 
40 542.239 283.605 0.867134 
41 529.285 290.082 0.824859 
42 509.853 292.673 0.925382 
43 604.42 288.787 0.860652 
44 619.966 273.241 0.895961 
45 640.693 273.241 0.851653 
46 654.943 283.605 0.954769 
47 641.988 292.673 0.890304 
48 621.261 292.673 0.922048 
49 522.808 411.854 0.821107 
50 537.058 396.308 0.893788 
51 551.307 385.945 0.938197 
52 565.557 388.536 0.853609 
53 581.103 385.945 0.958555 
54 601.83 396.308 0.910988 
55 622.557 414.444 0.853877 
56 603.125 427.399 0.941261 
57 582.398 431.285 0.876948 
58 568.148 433.876 0.809763 
59 551.307 429.99 0.883994 
60 538.353 427.399 0.873298 
61 530.58 409.263 0.866797 
62 551.307 406.672 0.925843 
63 566.853 406.672 0.880528 
64 581.103 405.376 0.898376 
65 612.193 411.854 0.842835 
66 581.103 407.967 0.901627 
67 566.853 407.967 0.853953 
68 551.307 407.967 0.922133 
69 518.921 281.014 0.798025 
70 627.738 282.31 0.764912 
