1 478.157 294.05 0.828465 
2 480.756 327.835 0.817235 
3 484.654 359.022 0.806883 
4 488.552 391.508 0.765634 
5 497.648 421.395 0.726572 
6 514.541 448.683 0.80536 
7 531.434 472.073 0.728937 
8 556.123 492.864 0.77885 
9 587.309 500.66 0.799054 
10 621.095 494.163 0.813582 
11 650.982 478.57 0.862332 
12 673.072 453.881 0.814228 
13 692.564 426.592 0.843785 
14 702.959 395.406 0.839391 
15 710.756 362.92 0.801131 
16 713.355 327.835 0.82461 
17 714.654 292.751 0.808357 
18 487.253 261.564 0.879674 
19 502.846 248.57 0.832603 
20 523.637 242.073 0.850453 
21 544.428 248.57 0.843811 
22 561.321 256.366 0.829557 
23 601.603 253.767 0.830462 
24 626.292 244.671 0.838452 
25 650.982 239.474 0.955006 
26 674.372 242.073 0.860338 
27 693.863 260.265 0.967329 
28 579.513 279.756 0.912174 
29 578.213 296.649 0.897898 
30 578.213 313.542 0.964137 
31 576.914 333.033 0.834791 
32 556.123 355.123 0.899339 
33 566.518 361.621 0.881168 
34 578.213 364.22 0.939213 
35 589.908 361.621 0.891153 
36 601.603 356.423 0.854882 
37 508.044 291.451 0.961652 
38 519.739 281.056 0.914382 
39 537.931 281.056 0.914127 
40 556.123 290.152 0.873967 
41 537.931 292.751 0.870199 
42 521.038 294.05 0.839557 
43 618.496 291.451 0.898538 
44 631.49 282.355 0.993034 
45 649.682 282.355 0.932963 
46 662.677 291.451 0.977259 
47 649.682 295.349 0.879359 
48 631.49 294.05 0.932148 
49 535.332 414.897 0.849915 
50 547.027 396.705 0.943468 
51 563.919 388.909 0.848473 
52 578.213 394.107 0.924633 
53 591.208 388.909 0.873619 
54 611.999 396.705 0.899543 
55 631.49 414.897 0.879608 
56 613.298 426.592 0.893407 
57 593.807 431.79 0.827453 
58 579.513 434.389 0.892201 
59 565.219 431.79 0.823474 
60 548.326 426.592 0.914512 
61 541.829 412.299 0.822588 
62 563.919 407.101 0.877836 
63 578.213 407.101 0.957572 
64 591.208 407.101 0.887953 
65 622.394 413.598 0.832897 
66 591.208 407.101 0.867362 
67 578.213 407.101 0.909018 
68 565.219 407.101 0.856854 
69 530.134 284.954 0.745225 
70 640.586 288.852 0.871369 
