1 483.909 287.95 0.798894 
2 482.611 319.087 0.826966 
3 486.504 351.521 0.751171 
4 490.396 385.252 0.806584 
5 500.775 415.092 0.746219 
6 512.451 442.336 0.815154 
7 531.911 466.986 0.795271 
8 553.966 486.447 0.810114 
9 586.401 494.231 0.831277 
10 622.727 490.339 0.772667 
11 649.971 473.473 0.833163 
12 675.919 451.418 0.834423 
13 692.784 422.876 0.782451 
14 705.758 391.739 0.774121 
15 710.948 360.602 0.788972 
16 718.732 329.466 0.844409 
17 720.029 297.032 0.804543 
18 492.99 254.219 0.915513 
19 509.856 238.65 0.859351 
20 530.614 234.758 0.901482 
21 551.372 237.353 0.890351 
22 570.832 246.434 0.865727 
23 611.05 245.137 0.845243 
24 635.7 234.758 0.891503 
25 657.756 233.461 0.904523 
26 685 242.542 0.823104 
27 699.271 259.408 0.871689 
28 590.293 271.084 0.856452 
29 586.401 287.95 0.884058 
30 585.103 306.113 0.949048 
31 583.806 325.574 0.87628 
32 561.751 348.926 0.924444 
33 572.13 352.818 0.885992 
34 583.806 358.008 0.943649 
35 595.482 355.413 0.88469 
36 608.456 350.224 0.846457 
37 513.748 276.274 0.910203 
38 529.317 265.895 0.886395 
39 547.48 267.192 0.844314 
40 563.048 282.761 0.90039 
41 544.885 285.355 0.891802 
42 529.317 285.355 0.895849 
43 624.024 284.058 0.867389 
44 636.998 268.49 0.885423 
45 657.756 271.084 0.900266 
46 670.729 282.761 0.883207 
47 657.756 287.95 0.944267 
48 636.998 286.653 0.942914 
49 539.695 406.01 0.81319 
50 552.669 390.442 0.974535 
51 569.535 381.36 0.87069 
52 583.806 386.55 0.901114 
53 595.482 381.36 0.896831 
54 616.24 390.442 0.936973 
55 636.998 408.605 0.891856 
56 616.24 420.281 0.919157 
57 596.779 422.876 0.877982 
58 583.806 422.876 0.90899 
59 569.535 421.579 0.869949 
60 553.966 418.984 0.882855 
61 544.885 403.415 0.845494 
62 569.535 399.523 0.880995 
63 583.806 400.821 0.943248 
64 596.779 400.821 0.897934 
65 626.619 407.308 0.857033 
66 596.779 400.821 0.889304 
67 583.806 400.821 0.917733 
68 570.832 400.821 0.88673 
69 540.993 274.976 0.780378 
70 647.377 276.274 0.91754 
