1 466.392 297.596 0.810092 
2 465.078 329.13 0.831952 
3 471.648 359.35 0.795094 
4 475.59 390.883 0.789663 
5 486.101 419.79 0.751588 
6 504.496 448.696 0.814364 
7 522.89 473.66 0.741079 
8 546.541 494.682 0.819831 
9 578.075 501.252 0.835092 
10 610.922 494.682 0.80905 
11 641.142 478.915 0.843493 
12 663.479 451.323 0.825345 
13 681.873 426.359 0.800208 
14 692.385 394.825 0.799711 
15 696.326 364.605 0.820693 
16 702.896 331.758 0.832088 
17 704.21 297.596 0.798252 
18 475.59 260.806 0.884258 
19 490.043 248.981 0.859792 
20 508.437 242.412 0.835996 
21 528.146 248.981 0.886492 
22 547.855 256.865 0.908287 
23 588.586 251.609 0.839834 
24 610.922 242.412 0.864054 
25 638.514 238.47 0.884981 
26 663.479 247.667 0.892169 
27 681.873 264.748 0.836189 
28 567.563 277.887 0.871187 
29 566.249 292.34 0.865286 
30 563.621 310.735 0.845281 
31 560.994 325.188 0.806364 
32 543.913 355.408 0.870856 
33 555.738 356.722 0.864043 
34 567.563 360.664 0.883308 
35 579.388 355.408 0.904987 
36 593.841 354.094 0.845018 
37 496.612 288.399 0.902538 
38 509.751 280.515 0.891249 
39 526.832 279.201 0.924945 
40 543.913 288.399 0.853943 
41 526.832 292.34 0.951308 
42 511.065 292.34 0.881914 
43 603.039 287.085 0.852125 
44 620.12 277.887 0.905342 
45 638.514 279.201 0.875087 
46 652.967 285.771 0.93763 
47 639.828 291.026 0.910724 
48 620.12 291.026 0.928361 
49 524.204 407.964 0.89824 
50 537.343 397.453 0.983018 
51 555.738 386.942 0.895557 
52 568.877 390.883 0.916682 
53 580.702 386.942 0.889386 
54 603.039 394.825 0.861197 
55 622.747 406.65 0.897508 
56 606.981 423.731 0.824831 
57 588.586 428.987 0.867484 
58 568.877 431.615 0.868364 
59 557.052 430.301 0.913907 
60 537.343 426.359 0.865319 
61 529.46 407.964 0.856551 
62 555.738 405.337 0.862947 
63 568.877 405.337 0.933251 
64 583.33 402.709 0.815803 
65 614.864 406.65 0.844329 
66 585.958 407.964 0.874883 
67 568.877 407.964 0.918756 
68 557.052 407.964 0.873073 
69 518.949 281.829 0.821544 
70 630.631 281.829 0.882107 
