1 473.734 293.628 0.866968 
2 475.035 324.86 0.928429 
3 477.638 356.092 0.798496 
4 484.145 388.626 0.840233 
5 494.555 419.858 0.796611 
6 507.569 448.487 0.766409 
7 527.089 471.911 0.82097 
8 549.212 492.733 0.809057 
9 580.444 500.541 0.799411 
10 618.183 492.733 0.801735 
11 645.511 478.418 0.780035 
12 670.236 454.994 0.775667 
13 685.852 428.967 0.825148 
14 697.564 397.735 0.796665 
15 704.071 366.503 0.871723 
16 711.879 335.271 0.851589 
17 713.18 301.436 0.808792 
18 485.446 262.396 0.936666 
19 499.761 248.081 0.812306 
20 517.979 242.876 0.88573 
21 540.102 245.478 0.853958 
22 558.321 253.286 0.910432 
23 599.964 253.286 0.880688 
24 622.087 244.177 0.87016 
25 650.716 241.574 0.934045 
26 674.14 249.382 0.865186 
27 692.359 264.998 0.891637 
28 579.142 275.409 0.939409 
29 577.841 293.628 0.953491 
30 576.54 311.847 0.833308 
31 573.937 327.463 0.809247 
32 553.116 356.092 0.861121 
33 563.526 357.393 0.890081 
34 576.54 358.695 0.877246 
35 588.252 357.393 0.965876 
36 599.964 356.092 0.905574 
37 506.267 284.518 0.965405 
38 521.883 274.108 0.839817 
39 540.102 275.409 0.859144 
40 555.718 287.121 0.858075 
41 537.5 292.326 0.879371 
42 520.582 292.326 0.847664 
43 615.58 287.121 0.843464 
44 631.196 275.409 0.876645 
45 650.716 278.012 0.89688 
46 662.428 287.121 0.929294 
47 650.716 293.628 0.970246 
48 631.196 292.326 0.897262 
49 530.993 410.748 0.848613 
50 545.308 397.735 0.90791 
51 560.924 387.324 0.882286 
52 576.54 389.927 0.901797 
53 589.553 387.324 0.946021 
54 610.375 397.735 0.91409 
55 629.895 412.05 0.877752 
56 611.676 428.967 0.887929 
57 592.156 431.57 0.889928 
58 577.841 432.871 0.880455 
59 560.924 431.57 0.867413 
60 546.609 427.666 0.877349 
61 538.801 409.447 0.895526 
62 560.924 408.146 0.885147 
63 576.54 408.146 0.912996 
64 589.553 406.844 0.89518 
65 620.785 410.748 0.891402 
66 589.553 408.146 0.90701 
67 577.841 408.146 0.905085 
68 560.924 408.146 0.8917 
69 534.897 281.916 0.773193 
70 641.607 283.217 0.862995 
