1 480.971 296.018 0.837665 
2 482.258 326.905 0.894234 
3 484.832 359.08 0.806805 
4 491.267 391.255 0.811883 
5 502.85 422.143 0.774497 
6 519.581 451.743 0.78153 
7 536.312 474.909 0.747887 
8 563.339 495.501 0.802618 
9 594.226 501.936 0.839526 
10 626.401 494.214 0.831477 
11 656.002 478.77 0.857426 
12 677.881 453.03 0.832736 
13 697.186 428.578 0.814866 
14 707.482 397.69 0.809159 
15 715.203 366.802 0.78381 
16 719.064 333.34 0.820135 
17 720.352 298.592 0.755621 
18 496.415 259.982 0.81543 
19 511.859 247.112 0.899539 
20 532.451 244.538 0.916609 
21 553.043 247.112 0.921847 
22 572.348 256.121 0.900254 
23 614.818 254.834 0.874872 
24 635.41 245.825 0.919813 
25 658.576 241.964 0.861574 
26 685.603 245.825 0.898057 
27 699.76 263.843 0.846084 
28 591.652 280.574 0.828777 
29 587.792 297.305 0.834299 
30 586.504 316.609 0.875514 
31 585.217 333.34 0.82365 
32 564.626 359.08 0.930967 
33 574.922 360.367 0.92452 
34 586.504 365.515 0.892994 
35 601.948 360.367 0.857768 
36 614.818 359.08 0.903594 
37 518.294 293.444 0.869108 
38 532.451 285.722 0.939214 
39 549.182 285.722 0.880592 
40 563.339 294.731 0.879571 
41 547.895 297.305 0.874052 
42 532.451 297.305 0.94979 
43 626.401 294.731 0.895351 
44 645.706 287.009 0.922915 
45 659.863 287.009 0.888722 
46 676.594 296.018 0.958024 
47 659.863 298.592 0.881543 
48 644.419 297.305 0.904361 
49 542.747 415.708 0.869028 
50 554.33 400.264 0.958774 
51 573.635 389.968 0.952086 
52 586.504 396.403 0.884905 
53 603.235 391.255 0.909138 
54 625.114 400.264 0.904446 
55 643.132 416.995 0.846967 
56 625.114 431.152 0.944153 
57 604.522 438.874 0.919141 
58 587.792 438.874 0.849168 
59 573.635 437.587 0.888369 
60 555.617 429.865 0.873919 
61 550.469 414.421 0.826799 
62 573.635 410.56 0.960413 
63 586.504 410.56 0.943989 
64 604.522 410.56 0.930934 
65 634.123 416.995 0.840331 
66 604.522 410.56 0.920825 
67 586.504 410.56 0.904658 
68 573.635 410.56 0.960901 
69 542.747 289.583 0.81995 
70 653.428 293.444 0.786141 
