1 473.897 292.996 0.831466 
2 473.897 325.216 0.876233 
3 477.763 356.147 0.765832 
4 482.918 387.078 0.796769 
5 491.94 418.009 0.773121 
6 504.828 447.651 0.762869 
7 524.16 469.56 0.815022 
8 546.069 490.181 0.806331 
9 575.711 499.202 0.82815 
10 613.086 492.758 0.768187 
11 641.44 478.582 0.797191 
12 667.215 455.383 0.794445 
13 686.547 427.03 0.828753 
14 698.146 396.099 0.847301 
15 705.879 365.168 0.825556 
16 708.457 332.948 0.85885 
17 709.745 298.151 0.784015 
18 482.918 260.776 0.911566 
19 497.095 245.311 0.81109 
20 515.138 242.733 0.869903 
21 535.759 244.022 0.872554 
22 555.091 253.043 0.933585 
23 595.043 253.043 0.896921 
24 618.241 244.022 0.881293 
25 645.306 241.444 0.908209 
26 668.504 246.599 0.868867 
27 687.836 263.354 0.905324 
28 574.422 274.953 0.93148 
29 573.134 292.996 0.892265 
30 567.979 311.039 0.817127 
31 565.401 326.504 0.863926 
32 546.069 354.858 0.907737 
33 556.379 356.147 0.912419 
34 569.267 358.724 0.830679 
35 583.444 356.147 0.915566 
36 595.043 354.858 0.923339 
37 503.539 283.974 0.978344 
38 515.138 273.664 0.932725 
39 533.181 273.664 0.93096 
40 547.358 285.263 0.854538 
41 533.181 291.707 0.898175 
42 515.138 291.707 0.901539 
43 610.509 285.263 0.837062 
44 625.974 274.953 0.93279 
45 645.306 276.242 0.876331 
46 658.194 285.263 0.957469 
47 645.306 292.996 0.922746 
48 625.974 291.707 0.921034 
49 525.448 410.276 0.85724 
50 539.625 396.099 0.868449 
51 555.091 385.789 0.934042 
52 569.267 388.366 0.860253 
53 584.733 385.789 0.948357 
54 605.353 396.099 0.904785 
55 625.974 412.853 0.848397 
56 606.642 427.03 0.942521 
57 586.022 432.185 0.868129 
58 571.845 433.474 0.802129 
59 555.091 429.608 0.892157 
60 540.914 425.741 0.846603 
61 534.47 408.987 0.878229 
62 555.091 406.409 0.918669 
63 569.267 406.409 0.875118 
64 584.733 405.121 0.89046 
65 615.664 411.565 0.833338 
66 584.733 406.409 0.898204 
67 569.267 407.698 0.85264 
68 555.091 407.698 0.925188 
69 525.448 281.397 0.815532 
70 636.284 282.686 0.882278 
