1 463.826 294.745 0.771736 
2 458.631 324.614 0.878161 
3 457.333 355.782 0.837018 
4 463.826 386.95 0.804792 
5 475.514 416.82 0.787949 
6 491.098 445.391 0.709752 
7 509.279 470.065 0.81577 
8 532.655 492.143 0.788137 
9 563.824 499.935 0.804456 
10 600.186 492.143 0.796079 
11 630.056 473.961 0.764039 
12 653.432 450.585 0.82912 
13 674.21 424.612 0.806092 
14 685.898 393.444 0.794145 
15 693.69 360.977 0.771736 
16 694.989 328.51 0.806049 
17 696.288 294.745 0.794953 
18 467.722 260.979 0.884167 
19 478.111 244.097 0.856659 
20 497.591 240.201 0.921939 
21 518.37 244.097 0.882771 
22 533.954 253.187 0.866302 
23 578.109 251.889 0.820059 
24 601.485 241.499 0.881509 
25 623.562 238.902 0.881554 
26 652.133 244.097 0.838553 
27 667.717 262.278 0.868604 
28 553.434 277.862 0.857768 
29 550.837 293.446 0.929094 
30 549.538 312.926 0.929368 
31 549.538 331.108 0.851805 
32 527.461 354.484 0.879262 
33 539.149 358.38 0.88352 
34 552.135 364.873 0.87912 
35 570.317 357.081 0.882102 
36 582.005 354.484 0.928692 
37 487.202 285.654 0.914878 
38 497.591 277.862 0.884194 
39 515.773 276.564 0.822667 
40 530.058 286.953 0.887294 
41 515.773 292.148 0.875592 
42 497.591 292.148 0.960729 
43 592.394 285.654 0.901148 
44 605.381 275.265 0.854137 
45 623.562 275.265 0.90477 
46 639.146 283.057 0.910026 
47 623.562 290.849 0.916926 
48 606.68 290.849 0.862101 
49 506.682 397.34 0.933252 
50 519.669 388.249 0.885269 
51 540.447 384.353 0.904192 
52 556.031 385.652 0.90408 
53 571.616 383.054 0.859214 
54 593.693 386.95 0.885011 
55 620.965 396.041 0.872067 
56 598.888 418.119 0.859119 
57 574.213 428.508 0.86039 
58 558.629 429.807 0.885059 
59 540.447 428.508 0.923848 
60 522.266 420.716 0.806024 
61 513.175 398.638 0.839815 
62 540.447 396.041 0.950497 
63 557.33 396.041 0.887399 
64 571.616 394.742 0.86086 
65 611.874 397.34 0.878471 
66 571.616 407.729 0.874255 
67 558.629 409.028 0.830037 
68 540.447 409.028 0.853652 
69 507.981 283.057 0.847899 
70 613.173 281.758 0.899372 
