1 469.426 300.424 0.819946 
2 468.117 330.531 0.826322 
3 474.662 360.639 0.778421 
4 478.589 390.746 0.78187 
5 487.752 420.854 0.769991 
6 506.079 449.652 0.800364 
7 524.405 471.905 0.765822 
8 549.276 492.85 0.827411 
9 579.384 500.704 0.793453 
10 612.109 492.85 0.856041 
11 643.526 475.833 0.804241 
12 665.779 450.961 0.842728 
13 685.415 426.09 0.800448 
14 695.887 394.673 0.808857 
15 702.432 363.257 0.775639 
16 706.359 329.222 0.8202 
17 706.359 295.188 0.81115 
18 477.28 262.462 0.906374 
19 490.37 250.681 0.874658 
20 510.006 244.136 0.849549 
21 530.95 250.681 0.886283 
22 550.585 257.226 0.90032 
23 591.165 253.299 0.846309 
24 613.418 245.445 0.843829 
25 642.217 241.518 0.906832 
26 665.779 249.372 0.907215 
27 684.106 265.08 0.855526 
28 570.221 278.17 0.877103 
29 568.912 293.879 0.881789 
30 566.294 310.896 0.806364 
31 563.676 325.295 0.837241 
32 546.658 355.403 0.892948 
33 557.13 358.021 0.866116 
34 570.221 360.639 0.845873 
35 580.693 358.021 0.923215 
36 592.474 355.403 0.896156 
37 499.534 289.951 0.885335 
38 512.624 280.788 0.857949 
39 529.641 279.479 0.880794 
40 547.967 289.951 0.861327 
41 529.641 293.879 0.89922 
42 512.624 293.879 0.842454 
43 605.564 288.642 0.863799 
44 622.581 276.861 0.891983 
45 643.526 279.479 0.877357 
46 655.307 288.642 0.92279 
47 643.526 293.879 0.9417 
48 622.581 292.57 0.942632 
49 524.405 409.072 0.888765 
50 538.804 397.291 0.966002 
51 554.512 388.128 0.873378 
52 570.221 389.437 0.894173 
53 582.002 386.819 0.92816 
54 602.946 395.982 0.871011 
55 623.891 409.072 0.890826 
56 608.182 426.09 0.808852 
57 587.238 430.017 0.839218 
58 570.221 431.326 0.893546 
59 557.13 430.017 0.861161 
60 540.113 426.09 0.86266 
61 530.95 409.072 0.89103 
62 555.821 406.454 0.881313 
63 570.221 407.763 0.932153 
64 583.311 406.454 0.872765 
65 616.036 409.072 0.851651 
66 583.311 407.763 0.866041 
67 570.221 409.072 0.908207 
68 555.821 409.072 0.879982 
69 523.096 283.406 0.794816 
70 633.054 283.406 0.878296 
