1 474.239 290.611 0.796494 
2 474.239 322.897 0.795542 
3 475.53 355.184 0.774898 
4 481.987 387.47 0.727631 
5 489.736 418.465 0.690815 
6 505.234 445.586 0.75726 
7 520.731 471.415 0.732907 
8 543.977 492.078 0.761006 
9 574.973 497.244 0.759763 
10 609.842 494.661 0.861167 
11 640.837 476.581 0.842476 
12 664.083 454.626 0.823414 
13 683.455 426.214 0.802011 
14 695.078 395.219 0.787265 
15 702.827 362.933 0.84212 
16 705.41 330.646 0.843156 
17 710.576 295.777 0.746428 
18 481.987 258.324 0.854901 
19 496.194 246.701 0.882981 
20 515.565 240.244 0.845316 
21 534.937 246.701 0.871029 
22 550.435 255.742 0.889681 
23 590.47 254.45 0.844394 
24 616.299 245.41 0.835559 
25 642.128 237.661 0.934985 
26 666.666 246.701 0.861957 
27 683.455 262.199 0.862136 
28 569.807 277.696 0.950055 
29 568.515 293.194 0.899775 
30 567.224 309.983 0.938111 
31 564.641 328.063 0.818278 
32 545.269 351.31 0.867207 
33 555.601 356.475 0.842576 
34 567.224 360.35 0.897912 
35 578.847 359.058 0.897076 
36 590.47 353.892 0.835328 
37 498.776 288.028 0.952692 
38 509.108 277.696 0.923645 
39 528.48 277.696 0.90742 
40 545.269 286.737 0.834211 
41 528.48 289.319 0.859325 
42 510.4 291.902 0.846497 
43 604.676 288.028 0.879273 
44 620.174 277.696 0.96346 
45 639.545 277.696 0.920064 
46 652.46 286.737 0.930505 
47 640.837 290.611 0.87896 
48 620.174 291.902 0.927131 
49 524.606 412.008 0.868897 
50 537.52 393.928 0.870256 
51 551.726 384.887 0.842153 
52 567.224 390.053 0.898323 
53 580.138 384.887 0.882996 
54 600.802 393.928 0.911303 
55 621.465 412.008 0.913118 
56 602.093 424.923 0.875622 
57 581.43 432.671 0.882213 
58 568.515 432.671 0.908501 
59 551.726 432.671 0.864076 
60 537.52 424.923 0.883773 
61 529.771 412.008 0.857081 
62 551.726 402.968 0.873725 
63 567.224 404.259 0.894807 
64 580.138 402.968 0.896153 
65 611.133 412.008 0.882987 
66 580.138 404.259 0.867211 
67 567.224 405.551 0.844919 
68 551.726 405.551 0.82251 
69 519.44 280.279 0.762286 
70 629.214 281.571 0.794518 
