1 484.122 287.875 0.798814 
2 482.816 319.205 0.829117 
3 485.427 350.534 0.7465 
4 490.649 384.475 0.800679 
5 499.787 414.5 0.741054 
6 512.841 443.219 0.840989 
7 532.422 466.716 0.789559 
8 554.614 486.297 0.841046 
9 585.944 494.13 0.842764 
10 619.885 488.908 0.771116 
11 648.604 474.549 0.864491 
12 674.712 452.357 0.781181 
13 691.682 423.637 0.791783 
14 703.431 394.918 0.75591 
15 711.263 366.199 0.802311 
16 719.096 334.87 0.791004 
17 721.707 300.929 0.77985 
18 493.26 253.934 0.938948 
19 507.619 238.269 0.818974 
20 527.2 234.353 0.86494 
21 549.392 235.658 0.863404 
22 567.668 246.102 0.864859 
23 608.136 244.796 0.858276 
24 634.244 235.658 0.853052 
25 659.047 233.047 0.937786 
26 682.544 239.574 0.823236 
27 699.515 257.85 0.873464 
28 587.249 270.904 0.876661 
29 585.944 287.875 0.908306 
30 584.638 306.15 0.952858 
31 584.638 325.732 0.851766 
32 562.446 349.229 0.924047 
33 572.89 351.84 0.883347 
34 584.638 357.061 0.924437 
35 596.387 355.756 0.897661 
36 606.83 350.534 0.861686 
37 512.841 277.431 0.927986 
38 525.895 265.683 0.897055 
39 545.476 266.988 0.87263 
40 562.446 280.042 0.861359 
41 544.171 285.264 0.901387 
42 525.895 285.264 0.901363 
43 625.106 283.958 0.856216 
44 638.16 266.988 0.916334 
45 657.742 269.599 0.890586 
46 670.796 281.348 0.904131 
47 657.742 286.569 0.952931 
48 638.16 286.569 0.960851 
49 537.644 406.667 0.803967 
50 553.309 391.002 0.94289 
51 568.974 380.559 0.876676 
52 583.333 385.781 0.869602 
53 596.387 380.559 0.920485 
54 617.274 391.002 0.939662 
55 636.855 409.278 0.898274 
56 617.274 421.027 0.942628 
57 597.693 423.637 0.877243 
58 583.333 424.943 0.861666 
59 567.668 423.637 0.874289 
60 553.309 419.721 0.890966 
61 544.171 404.056 0.863543 
62 567.668 400.14 0.890822 
63 583.333 401.445 0.914895 
64 596.387 401.445 0.909761 
65 627.717 407.973 0.868708 
66 596.387 401.445 0.903125 
67 583.333 401.445 0.888472 
68 568.974 401.445 0.884477 
69 536.338 274.821 0.781872 
70 647.298 276.126 0.901535 
