1 466.888 299.494 0.834436 
2 466.888 332.203 0.838854 
3 473.43 362.295 0.79758 
4 477.355 393.695 0.777506 
5 487.822 422.479 0.74927 
6 506.139 449.954 0.803943 
7 523.147 472.196 0.737453 
8 548.006 493.13 0.816477 
9 579.406 500.98 0.832426 
10 612.115 493.13 0.834507 
11 642.207 478.738 0.834975 
12 664.449 452.571 0.80815 
13 684.074 426.404 0.826823 
14 695.849 395.004 0.810937 
15 703.699 362.295 0.790813 
16 706.316 326.969 0.832501 
17 706.316 292.952 0.834863 
18 476.047 261.552 0.910404 
19 490.438 248.468 0.859199 
20 510.064 243.235 0.843346 
21 530.997 248.468 0.871191 
22 549.314 255.01 0.888581 
23 591.181 252.394 0.853785 
24 613.423 244.543 0.843139 
25 640.898 240.618 0.912461 
26 664.449 247.16 0.883889 
27 684.074 262.86 0.890317 
28 568.939 277.252 0.877382 
29 568.939 292.952 0.900051 
30 566.323 311.269 0.832659 
31 563.706 324.353 0.816763 
32 546.697 355.753 0.905077 
33 557.164 357.061 0.880408 
34 568.939 360.986 0.870861 
35 580.714 357.061 0.904709 
36 592.49 355.753 0.874471 
37 498.288 290.336 0.905017 
38 511.372 281.177 0.889663 
39 528.38 279.869 0.892902 
40 546.697 289.027 0.869055 
41 528.38 292.952 0.895889 
42 512.68 294.261 0.83729 
43 605.573 289.027 0.850572 
44 621.273 279.869 0.91646 
45 642.207 279.869 0.903116 
46 653.982 287.719 0.920034 
47 642.207 292.952 0.931547 
48 621.273 292.952 0.954095 
49 525.764 409.395 0.87083 
50 537.539 397.62 0.992149 
51 555.856 387.153 0.86731 
52 568.939 392.387 0.888039 
53 582.023 387.153 0.890084 
54 602.956 396.312 0.884633 
55 623.89 408.087 0.861085 
56 608.19 426.404 0.833749 
57 587.256 430.329 0.821416 
58 570.248 431.637 0.878965 
59 557.164 430.329 0.86063 
60 538.847 426.404 0.870697 
61 530.997 409.395 0.849309 
62 555.856 406.779 0.897865 
63 568.939 406.779 0.951272 
64 583.331 406.779 0.857551 
65 616.04 408.087 0.824223 
66 583.331 408.087 0.84326 
67 568.939 408.087 0.91432 
68 555.856 408.087 0.876413 
69 521.839 283.794 0.789153 
70 631.74 282.486 0.878761 
