1 471.84 294.792 0.871198 
2 471.84 326.097 0.83705 
3 478.362 358.707 0.758735 
4 482.275 392.62 0.777703 
5 492.71 421.316 0.759203 
6 509.667 450.012 0.791642 
7 527.928 472.187 0.744705 
8 554.016 493.057 0.810712 
9 585.32 500.883 0.834117 
10 617.93 493.057 0.83896 
11 647.93 478.709 0.8527 
12 670.105 452.621 0.820898 
13 687.061 427.838 0.827389 
14 698.801 396.533 0.819231 
15 702.714 365.228 0.860559 
16 709.236 333.923 0.869184 
17 710.54 301.314 0.811569 
18 483.58 263.487 0.897912 
19 499.232 250.444 0.881582 
20 518.798 245.226 0.831463 
21 539.667 250.444 0.877092 
22 557.929 258.27 0.84954 
23 597.06 254.357 0.843496 
24 621.843 245.226 0.83852 
25 647.93 241.313 0.931934 
26 671.409 247.835 0.874155 
27 689.67 263.487 0.895243 
28 576.19 279.14 0.892865 
29 576.19 294.792 0.924471 
30 574.885 313.054 0.921448 
31 573.581 330.01 0.809031 
32 554.016 356.098 0.938546 
33 564.451 358.707 0.909494 
34 574.885 362.62 0.915062 
35 586.625 358.707 0.913378 
36 598.364 356.098 0.901143 
37 504.449 285.662 0.869273 
38 520.102 279.14 0.816078 
39 537.059 279.14 0.821009 
40 554.016 289.575 0.878155 
41 535.754 292.184 0.87885 
42 520.102 293.488 0.872909 
43 615.321 289.575 0.851604 
44 628.365 277.836 0.842564 
45 647.93 279.14 0.901148 
46 660.974 288.271 0.914214 
47 647.93 292.184 0.982302 
48 628.365 292.184 0.919952 
49 533.146 412.186 0.871189 
50 544.885 396.533 0.988274 
51 563.146 387.403 0.906896 
52 574.885 390.011 0.916485 
53 587.929 387.403 0.89599 
54 610.104 396.533 0.875757 
55 629.669 413.49 0.832685 
56 615.321 427.838 0.91056 
57 594.451 433.056 0.851447 
58 576.19 435.664 0.870729 
59 564.451 431.751 0.852664 
60 544.885 427.838 0.896417 
61 539.667 410.881 0.827028 
62 563.146 406.968 0.911015 
63 576.19 406.968 0.96702 
64 591.842 406.968 0.858655 
65 619.234 412.186 0.79829 
66 591.842 408.273 0.846321 
67 576.19 408.273 0.93348 
68 564.451 408.273 0.896812 
69 531.841 283.053 0.782833 
70 638.8 283.053 0.862208 
