1 475.185 292.691 0.840345 
2 475.185 324.063 0.848533 
3 476.493 355.435 0.799837 
4 481.721 388.114 0.738682 
5 489.564 418.179 0.737795 
6 506.557 448.244 0.787072 
7 522.243 470.466 0.758825 
8 548.387 491.38 0.782061 
9 579.759 500.53 0.783794 
10 612.438 493.995 0.816056 
11 643.81 479.616 0.854923 
12 666.032 456.087 0.810961 
13 685.639 427.329 0.850417 
14 697.404 395.957 0.862948 
15 706.554 364.585 0.868864 
16 707.861 331.906 0.849347 
17 709.168 293.998 0.775703 
18 480.414 261.319 0.881689 
19 494.793 246.94 0.825359 
20 514.4 240.404 0.86217 
21 535.315 245.633 0.831463 
22 553.615 253.476 0.843229 
23 592.83 253.476 0.849573 
24 617.666 245.633 0.83492 
25 643.81 240.404 0.949489 
26 668.646 244.326 0.842695 
27 686.946 261.319 0.910315 
28 571.916 277.005 0.909958 
29 570.608 292.691 0.950601 
30 570.608 312.299 0.925515 
31 567.994 329.292 0.797577 
32 548.387 355.435 0.922943 
33 558.844 356.742 0.895415 
34 570.608 361.971 0.894089 
35 582.373 358.049 0.910023 
36 592.83 355.435 0.891502 
37 500.022 284.848 0.902038 
38 510.479 274.391 0.874189 
39 530.086 273.084 0.883057 
40 545.772 283.541 0.825662 
41 530.086 291.384 0.890288 
42 511.786 291.384 0.915029 
43 607.209 290.077 0.863191 
44 622.895 274.391 0.900195 
45 642.503 274.391 0.843659 
46 656.881 283.541 0.905266 
47 643.81 292.691 0.932307 
48 622.895 292.691 0.967985 
49 527.472 412.95 0.837679 
50 539.237 395.957 0.959231 
51 554.922 386.807 0.870618 
52 570.608 389.421 0.895934 
53 582.373 386.807 0.923222 
54 603.288 395.957 0.920578 
55 624.202 414.258 0.869099 
56 605.902 427.329 0.900381 
57 584.987 431.251 0.841058 
58 570.608 433.865 0.889297 
59 556.23 431.251 0.826124 
60 539.237 427.329 0.922026 
61 532.701 410.336 0.829673 
62 554.922 406.415 0.890191 
63 570.608 406.415 0.93724 
64 583.68 406.415 0.900002 
65 613.745 412.95 0.837817 
66 583.68 407.722 0.885456 
67 570.608 407.722 0.905215 
68 556.23 407.722 0.875734 
69 520.936 280.927 0.812828 
70 632.045 280.927 0.805561 
