1 473.468 293.226 0.886984 
2 473.468 325.653 0.931423 
3 476.062 356.784 0.802154 
4 483.845 389.211 0.821994 
5 494.222 420.342 0.780743 
6 508.49 448.878 0.789105 
7 526.649 472.226 0.782996 
8 553.888 492.98 0.766081 
9 585.019 500.762 0.791985 
10 618.743 492.98 0.818225 
11 648.577 478.711 0.813582 
12 670.628 454.066 0.796963 
13 687.49 428.124 0.818428 
14 697.867 396.994 0.797881 
15 703.055 365.863 0.881478 
16 709.541 334.733 0.837551 
17 712.135 301.008 0.805234 
18 485.142 263.392 0.94993 
19 496.816 251.718 0.883487 
20 517.569 243.936 0.885053 
21 538.323 249.124 0.859826 
22 557.78 254.313 0.877972 
23 599.287 253.016 0.892006 
24 621.338 243.936 0.876455 
25 648.577 241.342 0.915608 
26 671.925 247.827 0.88035 
27 691.381 263.392 0.892593 
28 578.533 276.363 0.924393 
29 577.236 294.523 0.942366 
30 575.939 312.682 0.859708 
31 573.345 328.247 0.791384 
32 553.888 355.487 0.892844 
33 564.265 358.081 0.883766 
34 575.939 361.972 0.871183 
35 587.613 358.081 0.941192 
36 599.287 355.487 0.9154 
37 505.895 285.443 0.920045 
38 520.164 276.363 0.807819 
39 538.323 276.363 0.855753 
40 553.888 288.037 0.839541 
41 537.026 293.226 0.901778 
42 520.164 293.226 0.860246 
43 616.149 288.037 0.832583 
44 630.417 277.66 0.847602 
45 649.874 278.958 0.894451 
46 661.548 288.037 0.93728 
47 649.874 293.226 0.973631 
48 630.417 293.226 0.910715 
49 531.838 412.559 0.821294 
50 546.106 396.994 0.951097 
51 560.374 387.914 0.878574 
52 577.236 390.508 0.886352 
53 588.91 387.914 0.933021 
54 609.664 396.994 0.917674 
55 630.417 412.559 0.867497 
56 612.258 428.124 0.891509 
57 592.801 432.016 0.845382 
58 577.236 433.313 0.887565 
59 562.968 430.719 0.837336 
60 546.106 428.124 0.911446 
61 538.323 409.965 0.860429 
62 561.671 407.371 0.890825 
63 577.236 407.371 0.936255 
64 590.207 407.371 0.892097 
65 620.041 411.262 0.851359 
66 590.207 408.668 0.884694 
67 577.236 408.668 0.9077 
68 562.968 408.668 0.883859 
69 533.135 282.849 0.792171 
70 640.794 282.849 0.872296 
