1 478.719 294.86 0.834723 
2 478.719 325.982 0.885866 
3 482.61 358.4 0.789335 
4 489.093 389.522 0.818302 
5 499.467 420.643 0.800064 
6 516.325 450.468 0.773999 
7 531.886 472.513 0.77791 
8 559.117 493.261 0.814202 
9 590.239 501.041 0.796185 
10 623.954 493.261 0.860211 
11 653.779 477.7 0.822581 
12 675.823 453.062 0.840087 
13 693.978 428.424 0.819192 
14 705.648 397.302 0.817051 
15 713.429 366.18 0.789057 
16 717.319 331.169 0.826931 
17 718.616 296.157 0.797434 
18 491.687 261.145 0.817549 
19 508.544 245.584 0.864278 
20 529.292 244.287 0.897075 
21 550.04 246.881 0.890703 
22 569.491 254.661 0.878017 
23 610.987 254.661 0.868508 
24 633.031 244.287 0.924887 
25 656.372 239.1 0.857159 
26 683.604 244.287 0.906085 
27 696.571 262.442 0.896247 
28 587.645 279.299 0.828698 
29 583.755 296.157 0.87689 
30 582.458 315.608 0.922274 
31 582.458 333.762 0.857273 
32 561.711 358.4 0.947075 
33 572.084 359.697 0.938825 
34 582.458 364.884 0.902961 
35 595.426 359.697 0.86729 
36 609.69 358.4 0.873864 
37 511.138 292.266 0.921079 
38 524.105 285.783 0.913483 
39 540.963 285.783 0.944121 
40 559.117 290.97 0.812041 
41 540.963 294.86 0.881707 
42 524.105 296.157 0.878635 
43 623.954 293.563 0.939216 
44 638.218 285.783 0.891185 
45 655.076 287.08 0.930126 
46 669.34 293.563 0.879408 
47 655.076 296.157 0.961368 
48 636.921 294.86 0.925774 
49 539.666 414.16 0.863617 
50 551.337 398.599 0.979243 
51 570.788 389.522 0.949318 
52 582.458 393.412 0.897728 
53 599.316 389.522 0.889438 
54 620.064 399.896 0.876366 
55 636.921 415.456 0.819955 
56 621.36 429.721 0.921244 
57 601.909 436.204 0.869346 
58 583.755 437.501 0.860969 
59 570.788 434.908 0.852707 
60 552.633 429.721 0.885371 
61 547.446 412.863 0.825621 
62 570.788 408.973 0.945175 
63 582.458 410.27 0.970237 
64 600.613 408.973 0.892226 
65 629.141 414.16 0.796962 
66 600.613 410.27 0.884298 
67 582.458 410.27 0.93383 
68 570.788 410.27 0.955311 
69 531.886 288.376 0.792333 
70 644.702 290.97 0.83914 
