1 472.254 296.304 0.853701 
2 472.254 327.843 0.824325 
3 474.882 359.383 0.833057 
4 480.139 389.609 0.756965 
5 489.338 418.52 0.722234 
6 505.108 444.804 0.793788 
7 522.192 468.459 0.735184 
8 547.161 488.171 0.792747 
9 578.701 496.056 0.822462 
10 612.869 490.799 0.826023 
11 643.095 475.029 0.895743 
12 665.436 451.374 0.822976 
13 685.148 423.777 0.847839 
14 695.661 392.237 0.869471 
15 702.232 360.697 0.835715 
16 706.175 327.843 0.90142 
17 707.489 296.304 0.833245 
18 480.139 256.879 0.846775 
19 495.909 245.051 0.918897 
20 515.621 241.109 0.835855 
21 535.334 243.737 0.894181 
22 551.104 252.936 0.887616 
23 591.843 251.622 0.860862 
24 614.183 242.423 0.866335 
25 641.781 235.852 0.887384 
26 665.436 243.737 0.915303 
27 683.834 259.507 0.83266 
28 570.816 275.277 0.931889 
29 569.502 288.419 0.907163 
30 569.502 306.817 0.889619 
31 568.188 319.958 0.825958 
32 548.475 350.184 0.945392 
33 558.989 352.812 0.897023 
34 569.502 358.069 0.911013 
35 581.329 354.127 0.895047 
36 593.157 350.184 0.885266 
37 498.537 284.476 0.904911 
38 509.051 272.649 0.877137 
39 528.763 271.335 0.89203 
40 545.847 284.476 0.833726 
41 528.763 287.104 0.920548 
42 510.365 288.419 0.858009 
43 607.613 285.79 0.870032 
44 622.068 271.335 0.904622 
45 641.781 270.02 0.850917 
46 654.922 280.534 0.90806 
47 643.095 287.104 0.924491 
48 623.382 288.419 0.944583 
49 527.449 409.321 0.88159 
50 539.276 390.923 0.975227 
51 557.674 380.41 0.909012 
52 569.502 383.038 0.948651 
53 581.329 380.41 0.932659 
54 603.67 390.923 0.898196 
55 623.382 409.321 0.85734 
56 606.298 422.463 0.880542 
57 587.9 427.72 0.82403 
58 570.816 430.348 0.877343 
59 558.989 427.72 0.851357 
60 539.276 422.463 0.897339 
61 536.648 406.693 0.823611 
62 558.989 401.436 0.907235 
63 569.502 401.436 0.959611 
64 582.643 400.122 0.870289 
65 612.869 406.693 0.827773 
66 583.958 402.751 0.859914 
67 570.816 404.065 0.913304 
68 558.989 404.065 0.864866 
69 519.564 276.591 0.847378 
70 631.267 276.591 0.860534 
