1 474.351 293.9 0.793981 
2 475.66 326.625 0.778037 
3 480.896 358.041 0.776584 
4 484.823 390.765 0.746748 
5 495.295 419.563 0.712189 
6 512.312 447.052 0.794023 
7 529.329 470.613 0.727804 
8 554.199 490.248 0.787386 
9 586.924 498.102 0.820755 
10 619.649 492.866 0.815436 
11 649.755 477.158 0.866137 
12 672.008 453.597 0.8278 
13 689.025 426.108 0.830957 
14 700.806 394.692 0.841739 
15 704.733 363.277 0.850717 
16 711.278 331.861 0.891054 
17 712.586 299.136 0.845718 
18 484.823 259.867 0.880155 
19 500.531 246.777 0.869088 
20 520.166 240.232 0.837972 
21 541.109 246.777 0.873866 
22 559.435 254.631 0.849229 
23 600.014 249.395 0.84619 
24 626.193 240.232 0.839201 
25 649.755 236.305 0.936081 
26 674.626 244.159 0.828139 
27 691.643 261.176 0.872703 
28 579.07 276.884 0.909916 
29 577.761 292.592 0.904062 
30 576.452 310.917 0.976201 
31 576.452 329.243 0.857943 
32 554.199 352.805 0.924931 
33 564.671 356.732 0.891656 
34 576.452 361.968 0.937391 
35 588.233 358.041 0.896304 
36 598.705 354.114 0.866238 
37 505.767 284.738 0.884985 
38 520.166 275.575 0.848237 
39 537.182 275.575 0.861338 
40 554.199 287.356 0.893227 
41 535.873 289.974 0.883624 
42 518.857 291.283 0.854116 
43 615.722 287.356 0.84744 
44 630.12 274.266 0.890185 
45 649.755 275.575 0.922302 
46 661.536 286.047 0.936277 
47 649.755 291.283 0.947242 
48 630.12 289.974 0.958028 
49 534.565 413.018 0.886057 
50 545.036 394.692 0.960617 
51 562.053 384.22 0.871163 
52 576.452 389.456 0.896998 
53 589.542 384.22 0.901854 
54 610.486 394.692 0.908888 
55 630.12 413.018 0.879883 
56 613.104 424.799 0.897456 
57 593.469 430.035 0.832865 
58 577.761 432.653 0.892582 
59 564.671 430.035 0.819134 
60 546.345 424.799 0.915384 
61 541.109 411.709 0.826867 
62 563.362 405.164 0.884143 
63 576.452 405.164 0.955156 
64 590.851 403.855 0.881742 
65 620.958 411.709 0.835192 
66 590.851 405.164 0.867279 
67 576.452 405.164 0.912734 
68 563.362 405.164 0.866227 
69 530.638 279.502 0.782525 
70 639.283 279.502 0.906489 
