1 481.781 292.222 0.792052 
2 481.781 323.658 0.777416 
3 485.71 355.093 0.774821 
4 488.33 387.839 0.77974 
5 498.808 417.964 0.746669 
6 511.906 445.47 0.772164 
7 530.244 470.357 0.779701 
8 553.82 491.314 0.763861 
9 585.256 497.863 0.79706 
10 621.93 493.933 0.801898 
11 649.436 476.906 0.829291 
12 675.633 454.639 0.846095 
13 692.66 425.823 0.785818 
14 705.758 394.388 0.794357 
15 710.998 362.952 0.788175 
16 717.547 330.207 0.878153 
17 718.856 297.462 0.814963 
18 490.949 256.857 0.88779 
19 505.357 242.449 0.839164 
20 526.314 235.9 0.869169 
21 547.271 237.21 0.877603 
22 566.918 246.379 0.854984 
23 607.522 246.379 0.8304 
24 633.719 237.21 0.87703 
25 657.295 234.591 0.909095 
26 684.801 245.069 0.861618 
27 697.899 264.716 0.869865 
28 585.256 272.575 0.855211 
29 582.636 289.603 0.888642 
30 582.636 309.25 0.963271 
31 581.326 328.897 0.909224 
32 560.369 352.474 0.912999 
33 570.848 359.023 0.944348 
34 582.636 361.642 0.984521 
35 593.115 360.333 0.922025 
36 606.213 356.403 0.832317 
37 510.596 279.124 0.887105 
38 523.695 267.336 0.891248 
39 542.032 267.336 0.867377 
40 559.059 280.434 0.858116 
41 540.722 285.673 0.878514 
42 525.004 286.983 0.883298 
43 621.93 283.054 0.840712 
44 635.029 267.336 0.966071 
45 654.676 268.646 0.871308 
46 669.084 283.054 0.864819 
47 654.676 286.983 0.942181 
48 635.029 286.983 0.951926 
49 538.102 411.415 0.86602 
50 549.891 394.388 0.901719 
51 568.228 387.839 0.844699 
52 581.326 391.768 0.959485 
53 595.734 389.148 0.860717 
54 615.381 395.697 0.859535 
55 635.029 412.725 0.94215 
56 615.381 424.513 0.882032 
57 598.354 433.682 0.866985 
58 581.326 433.682 0.941068 
59 566.918 432.372 0.828296 
60 549.891 424.513 0.910835 
61 543.342 411.415 0.842966 
62 566.918 404.866 0.851237 
63 581.326 406.176 0.924819 
64 595.734 404.866 0.850506 
65 624.55 412.725 0.901233 
66 597.044 406.176 0.829654 
67 581.326 407.486 0.893974 
68 568.228 406.176 0.829546 
69 532.863 275.195 0.767674 
70 644.197 276.505 0.859792 
