1 468.645 297.673 0.821184 
2 468.645 328.149 0.806508 
3 473.945 359.95 0.810303 
4 479.245 390.426 0.76252 
5 487.195 420.902 0.763788 
6 505.746 451.378 0.802675 
7 524.297 473.903 0.794061 
8 548.147 495.104 0.861034 
9 579.948 501.729 0.78672 
10 613.074 495.104 0.870038 
11 643.55 476.553 0.823424 
12 666.076 452.703 0.860499 
13 685.952 424.877 0.79046 
14 696.552 394.401 0.792348 
15 701.852 362.6 0.770323 
16 707.152 328.149 0.820939 
17 707.152 293.697 0.842186 
18 476.595 261.896 0.910457 
19 492.496 248.646 0.856104 
20 511.046 243.346 0.832092 
21 532.247 248.646 0.861906 
22 549.472 256.596 0.882362 
23 591.874 252.621 0.846092 
24 614.399 244.671 0.842481 
25 640.9 240.696 0.896223 
26 664.751 248.646 0.899292 
27 684.627 261.896 0.876193 
28 569.348 277.797 0.875647 
29 569.348 293.697 0.898497 
30 566.698 310.923 0.806167 
31 562.723 325.498 0.843518 
32 546.822 355.974 0.891164 
33 557.423 357.299 0.86894 
34 569.348 359.95 0.847299 
35 579.948 357.299 0.941105 
36 591.874 355.974 0.888743 
37 497.796 291.047 0.898211 
38 511.046 280.447 0.889722 
39 528.272 280.447 0.892511 
40 546.822 289.722 0.870322 
41 528.272 293.697 0.889662 
42 511.046 295.022 0.836406 
43 603.799 289.722 0.880065 
44 622.35 280.447 0.92745 
45 640.9 280.447 0.872636 
46 654.151 288.397 0.924293 
47 640.9 293.697 0.889499 
48 622.35 293.697 0.96224 
49 525.622 410.301 0.890197 
50 537.547 398.376 0.964621 
51 554.773 387.775 0.869112 
52 569.348 390.426 0.909068 
53 581.273 387.775 0.934458 
54 602.474 397.051 0.870798 
55 623.675 410.301 0.909521 
56 605.124 426.202 0.805036 
57 585.249 431.502 0.856717 
58 569.348 432.827 0.913931 
59 556.098 431.502 0.876384 
60 538.872 427.527 0.840677 
61 530.922 410.301 0.874524 
62 554.773 407.651 0.873264 
63 569.348 408.976 0.931358 
64 581.273 407.651 0.876384 
65 614.399 410.301 0.881606 
66 581.273 408.976 0.883134 
67 569.348 408.976 0.923785 
68 556.098 408.976 0.891381 
69 521.646 284.422 0.788442 
70 631.625 283.097 0.832348 
