1 479.953 293.186 0.825961 
2 479.953 324.322 0.867174 
3 485.142 355.458 0.804434 
4 489.034 387.892 0.814263 
5 499.413 417.73 0.793271 
6 517.576 447.569 0.807303 
7 534.441 470.921 0.770974 
8 560.387 490.381 0.85363 
9 591.523 498.165 0.832415 
10 623.957 490.381 0.863789 
11 653.795 474.813 0.832237 
12 675.85 450.163 0.843023 
13 695.31 425.514 0.823688 
14 705.689 394.378 0.815507 
15 712.175 363.242 0.779233 
16 716.067 329.512 0.819345 
17 717.365 293.186 0.788371 
18 492.926 259.456 0.837885 
19 508.494 243.888 0.878277 
20 529.252 241.293 0.917665 
21 550.009 242.59 0.893549 
22 569.469 251.672 0.880999 
23 607.091 251.672 0.838917 
24 631.741 241.293 0.871373 
25 655.093 238.698 0.898376 
26 679.742 241.293 0.860789 
27 696.607 260.753 0.944563 
28 585.037 275.024 0.85722 
29 582.442 293.186 0.93119 
30 581.145 311.349 0.882742 
31 581.145 325.62 0.820776 
32 560.387 354.161 0.895916 
33 570.766 355.458 0.948953 
34 582.442 358.053 0.914475 
35 594.118 355.458 0.919539 
36 607.091 354.161 0.862191 
37 514.981 287.997 0.874099 
38 529.252 281.51 0.921764 
39 544.819 281.51 0.83595 
40 560.387 289.294 0.8689 
41 544.819 293.186 0.834998 
42 527.954 293.186 0.90657 
43 621.362 290.592 0.877787 
44 634.335 281.51 0.973572 
45 653.795 282.808 0.978994 
46 665.471 290.592 0.930413 
47 653.795 294.484 0.930082 
48 634.335 293.186 0.955148 
49 539.63 408.649 0.874079 
50 551.306 395.675 0.973668 
51 570.766 386.594 0.939544 
52 582.442 389.189 0.911835 
53 599.307 386.594 0.884862 
54 618.767 395.675 0.854722 
55 636.93 409.946 0.824408 
56 621.362 422.919 0.848498 
57 601.902 428.109 0.923391 
58 583.739 428.109 0.896471 
59 570.766 428.109 0.934513 
60 553.901 424.217 0.809419 
61 548.711 407.351 0.873107 
62 570.766 406.054 0.924804 
63 582.442 406.054 0.951599 
64 600.605 406.054 0.870647 
65 629.146 408.649 0.828125 
66 600.605 406.054 0.876126 
67 582.442 406.054 0.954628 
68 570.766 406.054 0.939329 
69 538.333 284.105 0.770282 
70 643.417 286.7 0.892037 
