1 466.3 295.517 0.792513 
2 464.977 325.936 0.828265 
3 468.945 356.355 0.793799 
4 472.913 388.096 0.832394 
5 483.493 418.515 0.84398 
6 503.332 448.934 0.780665 
7 520.525 471.418 0.788193 
8 545.654 492.579 0.86185 
9 577.395 500.514 0.812677 
10 609.137 492.579 0.884794 
11 638.233 472.74 0.810434 
12 662.04 450.257 0.869012 
13 680.556 423.805 0.773902 
14 692.459 393.386 0.7892 
15 696.426 362.967 0.799222 
16 703.039 329.903 0.802023 
17 704.362 295.517 0.783126 
18 474.235 261.13 0.837728 
19 487.461 247.904 0.873726 
20 505.977 241.291 0.85019 
21 527.138 247.904 0.894042 
22 546.976 255.84 0.909918 
23 587.976 251.872 0.833999 
24 610.46 242.614 0.868445 
25 634.266 237.324 0.880996 
26 662.04 246.582 0.89049 
27 679.233 261.13 0.85002 
28 566.815 278.323 0.881856 
29 565.492 292.871 0.847958 
30 562.847 311.387 0.872749 
31 560.202 327.258 0.783872 
32 539.041 355.032 0.878811 
33 552.267 357.677 0.831994 
34 566.815 361.645 0.869866 
35 578.718 356.355 0.895161 
36 594.589 353.709 0.870378 
37 496.719 288.904 0.892845 
38 509.945 279.646 0.895618 
39 525.815 279.646 0.949314 
40 541.686 288.904 0.854351 
41 525.815 291.549 0.963889 
42 509.945 291.549 0.886689 
43 601.202 287.581 0.860927 
44 619.718 279.646 0.941098 
45 638.233 279.646 0.89718 
46 651.459 286.259 0.936067 
47 638.233 290.226 0.89723 
48 619.718 290.226 0.928004 
49 517.88 406.612 0.887671 
50 535.073 394.709 0.878727 
51 553.589 385.451 0.880871 
52 568.137 386.774 0.969856 
53 581.363 384.128 0.836705 
54 606.492 388.096 0.833511 
55 627.653 399.999 0.834906 
56 609.137 421.16 0.85971 
57 587.976 430.418 0.868979 
58 569.46 435.709 0.84965 
59 556.234 434.386 0.876859 
60 536.396 426.451 0.891077 
61 525.815 406.612 0.897615 
62 554.912 397.354 0.878816 
63 568.137 397.354 0.953794 
64 585.331 396.032 0.839597 
65 619.718 401.322 0.821911 
66 586.653 409.257 0.842653 
67 568.137 411.902 0.85705 
68 554.912 410.58 0.805417 
69 519.202 282.291 0.821181 
70 630.298 280.968 0.861865 
