1 471.994 293.031 0.818933 
2 473.308 324.558 0.798202 
3 474.622 356.084 0.78711 
4 479.876 387.611 0.733024 
5 487.758 416.511 0.724836 
6 506.149 446.724 0.81498 
7 523.226 469.056 0.751893 
8 548.185 488.76 0.827319 
9 579.711 496.642 0.810523 
10 612.552 488.76 0.847319 
11 642.765 475.624 0.848393 
12 665.097 449.352 0.81572 
13 684.801 424.393 0.850586 
14 695.31 392.866 0.853655 
15 703.192 361.339 0.83354 
16 705.819 329.812 0.881832 
17 707.133 296.971 0.80284 
18 481.19 258.876 0.863672 
19 494.326 245.74 0.909608 
20 514.03 239.172 0.848252 
21 533.735 244.427 0.866318 
22 550.812 250.995 0.862559 
23 591.534 248.367 0.870005 
24 615.179 241.799 0.841528 
25 642.765 236.545 0.935597 
26 665.097 244.427 0.887922 
27 684.801 258.876 0.886972 
28 571.83 273.326 0.8986 
29 570.516 289.09 0.964539 
30 569.203 307.48 0.885734 
31 569.203 321.93 0.857758 
32 548.185 350.83 0.935244 
33 558.693 353.457 0.942202 
34 569.203 356.084 0.92049 
35 581.025 353.457 0.950997 
36 592.848 350.83 0.897699 
37 498.267 283.835 0.884739 
38 510.089 270.699 0.883962 
39 528.48 269.385 0.888892 
40 546.871 281.208 0.856019 
41 528.48 287.776 0.891869 
42 511.403 289.09 0.910619 
43 608.611 286.462 0.855442 
44 621.747 269.385 0.933685 
45 641.452 269.385 0.8875 
46 654.588 279.894 0.946689 
47 642.765 287.776 0.963544 
48 623.061 289.09 0.967208 
49 527.167 407.316 0.881877 
50 538.989 392.866 0.98729 
51 557.38 382.357 0.90282 
52 569.203 384.984 0.943149 
53 582.339 382.357 0.911496 
54 603.357 392.866 0.867975 
55 623.061 408.629 0.846965 
56 608.611 423.079 0.850342 
57 588.907 425.707 0.859091 
58 570.516 427.02 0.891583 
59 558.693 425.707 0.903206 
60 540.303 423.079 0.853059 
61 536.362 406.002 0.857711 
62 557.38 403.375 0.907901 
63 570.516 403.375 0.964668 
64 584.966 403.375 0.857126 
65 613.866 407.316 0.823342 
66 584.966 403.375 0.859323 
67 570.516 403.375 0.95677 
68 557.38 403.375 0.928267 
69 519.285 277.267 0.82242 
70 632.256 277.267 0.852634 
