1 472.059 294.285 0.891132 
2 473.354 325.364 0.892564 
3 477.239 357.739 0.758956 
4 483.714 388.819 0.789828 
5 494.074 419.898 0.771996 
6 509.614 448.388 0.77608 
7 526.449 471.698 0.773707 
8 552.349 491.123 0.774956 
9 583.428 500.188 0.796998 
10 617.098 492.418 0.834877 
11 648.178 478.173 0.851309 
12 670.193 453.568 0.816684 
13 687.027 427.668 0.831289 
14 698.682 396.589 0.815608 
15 702.567 365.509 0.84671 
16 710.337 334.429 0.873768 
17 711.632 302.055 0.808569 
18 483.714 263.205 0.942636 
19 497.959 250.255 0.852846 
20 517.384 243.78 0.860415 
21 539.399 248.96 0.846917 
22 557.529 255.435 0.850935 
23 597.673 252.845 0.862289 
24 620.983 243.78 0.846348 
25 648.178 241.19 0.944905 
26 671.487 247.665 0.844447 
27 689.617 264.5 0.902218 
28 576.953 277.45 0.887238 
29 576.953 294.285 0.945704 
30 575.658 313.71 0.900046 
31 574.363 330.544 0.807549 
32 553.644 355.149 0.915063 
33 564.004 357.739 0.914466 
34 575.658 361.624 0.902015 
35 587.313 357.739 0.925034 
36 598.968 356.444 0.894521 
37 505.729 285.22 0.883317 
38 522.564 276.155 0.814532 
39 539.399 276.155 0.822549 
40 554.939 289.105 0.869063 
41 538.104 292.99 0.861444 
42 522.564 292.99 0.876756 
43 615.803 287.81 0.851742 
44 628.753 277.45 0.838659 
45 649.473 278.745 0.886582 
46 661.128 286.515 0.899511 
47 649.473 292.99 0.960797 
48 628.753 291.695 0.895468 
49 532.924 412.129 0.847511 
50 544.579 396.589 0.974161 
51 562.709 387.524 0.884006 
52 575.658 390.114 0.912381 
53 588.608 387.524 0.904912 
54 609.328 396.589 0.880845 
55 628.753 412.129 0.827425 
56 614.508 427.668 0.884171 
57 595.083 432.848 0.83487 
58 576.953 434.143 0.879203 
59 564.004 431.553 0.841992 
60 545.874 427.668 0.90509 
61 539.399 410.834 0.824295 
62 564.004 406.949 0.897638 
63 575.658 406.949 0.961138 
64 591.198 406.949 0.862136 
65 619.688 412.129 0.814051 
66 591.198 408.244 0.848719 
67 576.953 408.244 0.92764 
68 564.004 408.244 0.890565 
69 534.219 282.63 0.799545 
70 639.113 282.63 0.848433 
