1 471.689 297.148 0.848462 
2 473.014 328.936 0.821641 
3 474.338 359.4 0.807713 
4 480.961 389.863 0.739953 
5 488.908 417.677 0.714123 
6 506.126 446.816 0.812316 
7 523.345 469.333 0.755653 
8 547.186 489.2 0.806272 
9 577.649 498.472 0.786423 
10 612.086 490.525 0.825766 
11 642.549 475.955 0.813055 
12 665.066 452.114 0.813046 
13 684.933 424.3 0.853632 
14 696.854 392.512 0.857305 
15 699.503 362.049 0.8616 
16 706.125 328.936 0.877816 
17 707.45 295.824 0.824597 
18 478.312 257.413 0.834053 
19 494.206 244.168 0.917205 
20 514.073 241.519 0.82584 
21 535.265 244.168 0.887149 
22 551.159 254.764 0.893708 
23 592.218 253.44 0.868671 
24 614.735 244.168 0.876021 
25 642.549 236.221 0.863274 
26 666.39 244.168 0.91645 
27 684.933 260.062 0.816733 
28 571.027 275.956 0.92388 
29 569.702 289.201 0.904529 
30 569.702 307.744 0.89085 
31 567.053 320.989 0.826217 
32 548.51 351.453 0.930154 
33 559.106 352.777 0.891151 
34 569.702 358.075 0.878994 
35 581.622 354.102 0.896879 
36 594.867 351.453 0.889299 
37 498.179 286.552 0.913036 
38 510.1 274.632 0.89623 
39 528.643 273.307 0.896142 
40 547.186 283.903 0.848574 
41 528.643 287.877 0.903128 
42 512.749 290.526 0.833753 
43 606.788 286.552 0.881341 
44 622.682 273.307 0.905295 
45 641.225 271.983 0.842958 
46 655.794 281.254 0.916838 
47 642.549 287.877 0.904356 
48 622.682 287.877 0.971603 
49 527.318 408.406 0.864591 
50 539.239 392.512 0.984091 
51 557.782 383.241 0.882529 
52 569.702 385.889 0.901179 
53 581.622 383.241 0.921103 
54 602.814 392.512 0.927701 
55 622.682 407.081 0.87525 
56 604.139 424.3 0.871943 
57 585.596 426.949 0.836656 
58 571.027 428.273 0.881071 
59 557.782 426.949 0.858743 
60 539.239 424.3 0.887994 
61 533.941 407.081 0.823306 
62 557.782 403.108 0.900245 
63 569.702 403.108 0.957676 
64 582.947 403.108 0.885674 
65 613.41 407.081 0.880749 
66 582.947 404.432 0.86798 
67 569.702 404.432 0.928964 
68 557.782 404.432 0.902153 
69 519.371 277.281 0.829705 
70 631.953 277.281 0.848893 
