1 471.83 294.458 0.804376 
2 473.135 325.762 0.776146 
3 477.047 357.065 0.779105 
4 479.656 388.368 0.756994 
5 488.786 417.063 0.755128 
6 507.046 447.062 0.782079 
7 522.698 469.235 0.752813 
8 548.784 488.8 0.787474 
9 580.088 497.93 0.793671 
10 614 490.104 0.837276 
11 643.999 475.757 0.865762 
12 666.172 449.671 0.807523 
13 685.737 424.889 0.85157 
14 696.171 393.585 0.849709 
15 703.997 362.282 0.834466 
16 706.605 330.979 0.875217 
17 707.91 297.067 0.789985 
18 479.656 259.242 0.916821 
19 495.308 246.199 0.849094 
20 513.568 239.677 0.849579 
21 534.437 243.59 0.835464 
22 552.697 250.112 0.858409 
23 593.131 250.112 0.882698 
24 616.608 240.982 0.848282 
25 643.999 237.069 0.927651 
26 667.476 242.286 0.854234 
27 685.737 259.242 0.895148 
28 572.262 272.285 0.925596 
29 570.958 289.241 0.978766 
30 570.958 306.197 0.847279 
31 568.349 321.849 0.851935 
32 550.089 351.848 0.936954 
33 560.523 354.456 0.932842 
34 570.958 357.065 0.905134 
35 582.696 354.456 0.949129 
36 594.435 351.848 0.902196 
37 499.221 282.719 0.905459 
38 510.959 269.676 0.931972 
39 530.524 269.676 0.928117 
40 546.176 281.415 0.829984 
41 530.524 289.241 0.908862 
42 512.264 289.241 0.92553 
43 610.087 286.632 0.828979 
44 623.13 269.676 0.96135 
45 643.999 269.676 0.920755 
46 655.737 280.111 0.955266 
47 643.999 289.241 0.963515 
48 624.434 289.241 0.948823 
49 529.22 407.933 0.877201 
50 540.958 393.585 0.973757 
51 559.219 383.151 0.908114 
52 570.958 384.455 0.950162 
53 584.001 383.151 0.923933 
54 604.87 393.585 0.881709 
55 624.434 407.933 0.85856 
56 608.782 424.889 0.854262 
57 589.218 427.497 0.843476 
58 572.262 428.802 0.882905 
59 560.523 427.497 0.883626 
60 540.958 424.889 0.866006 
61 537.046 406.629 0.846637 
62 559.219 404.02 0.898809 
63 572.262 404.02 0.959628 
64 585.305 402.716 0.867653 
65 614 406.629 0.844272 
66 585.305 404.02 0.85509 
67 572.262 405.324 0.945059 
68 560.523 405.324 0.922352 
69 521.394 278.806 0.838424 
70 632.26 278.806 0.827586 
