1 479.121 296.159 0.820057 
2 480.424 327.43 0.840437 
3 485.636 358.702 0.812324 
4 488.242 391.276 0.786554 
5 498.666 421.245 0.775221 
6 516.908 451.213 0.772168 
7 533.846 473.364 0.785294 
8 558.603 494.212 0.866437 
9 589.875 500.727 0.799014 
10 622.449 495.515 0.870803 
11 652.418 475.97 0.849862 
12 674.568 453.819 0.863019 
13 694.113 427.76 0.796003 
14 705.84 396.488 0.781843 
15 713.658 365.217 0.771563 
16 716.264 330.036 0.837567 
17 718.87 296.159 0.748171 
18 492.151 258.372 0.813457 
19 506.484 245.343 0.898731 
20 527.331 244.04 0.910367 
21 548.179 246.646 0.931183 
22 569.027 255.766 0.915515 
23 610.722 254.463 0.887036 
24 632.873 244.04 0.932826 
25 655.024 236.222 0.886889 
26 682.386 244.04 0.884569 
27 696.719 259.675 0.862863 
28 588.572 277.917 0.863964 
29 583.36 297.462 0.861486 
30 582.057 315.703 0.878333 
31 580.754 331.339 0.841732 
32 559.906 358.702 0.920356 
33 570.33 360.005 0.968598 
34 580.754 362.611 0.89215 
35 595.086 360.005 0.891806 
36 609.419 358.702 0.879495 
37 511.696 289.644 0.890479 
38 526.029 285.735 0.916965 
39 540.361 285.735 0.883847 
40 558.603 289.644 0.83297 
41 540.361 294.856 0.837395 
42 526.029 296.159 0.901848 
43 622.449 293.553 0.921584 
44 636.782 287.038 0.916062 
45 653.721 287.038 0.969356 
46 668.053 290.947 0.841607 
47 653.721 296.159 0.963212 
48 635.479 296.159 0.923742 
49 537.755 413.427 0.890915 
50 549.482 400.397 0.937666 
51 569.027 389.973 0.950394 
52 580.754 392.579 0.893126 
53 597.692 389.973 0.889704 
54 618.54 400.397 0.846127 
55 638.085 413.427 0.83192 
56 621.146 431.669 0.899186 
57 600.298 434.275 0.889005 
58 582.057 435.578 0.843669 
59 569.027 434.275 0.905118 
60 550.785 430.366 0.838291 
61 545.573 412.124 0.85151 
62 569.027 410.821 0.928462 
63 580.754 410.821 0.940126 
64 598.995 410.821 0.882378 
65 628.964 413.427 0.823095 
66 598.995 410.821 0.894387 
67 582.057 410.821 0.932304 
68 569.027 410.821 0.951097 
69 531.24 287.038 0.793965 
70 643.297 289.644 0.879846 
