1 464.003 297.547 0.830626 
2 461.414 324.732 0.808922 
3 458.825 355.8 0.760059 
4 464.003 385.574 0.841963 
5 475.654 415.347 0.823965 
6 493.777 445.121 0.765767 
7 510.606 469.717 0.738805 
8 535.201 493.018 0.802333 
9 567.564 498.196 0.816332 
10 599.927 493.018 0.803581 
11 630.995 476.189 0.850623 
12 654.296 450.299 0.771056 
13 672.419 424.409 0.818122 
14 684.069 393.341 0.796631 
15 691.836 360.978 0.831104 
16 694.425 328.616 0.774093 
17 698.309 293.664 0.735887 
18 466.592 261.301 0.778822 
19 476.948 247.062 0.819767 
20 496.366 239.295 0.909282 
21 517.078 245.767 0.886737 
22 536.496 253.534 0.877915 
23 579.214 250.945 0.852015 
24 599.927 240.589 0.869141 
25 628.406 238 0.89823 
26 651.707 244.473 0.868141 
27 671.124 261.301 0.8804 
28 555.913 278.13 0.897806 
29 554.619 293.664 0.84681 
30 550.735 311.787 0.905734 
31 549.441 331.205 0.887784 
32 527.434 353.211 0.905667 
33 539.085 360.978 0.879687 
34 555.913 363.567 0.908456 
35 568.858 359.684 0.844864 
36 586.982 353.211 0.878944 
37 486.01 289.78 0.966578 
38 496.366 279.424 0.946127 
39 515.784 278.13 0.882695 
40 528.729 287.191 0.867227 
41 515.784 291.075 0.940002 
42 496.366 291.075 0.940874 
43 592.159 288.486 0.864172 
44 608.988 278.13 0.904613 
45 624.522 276.835 0.842364 
46 640.056 282.013 0.928937 
47 625.817 289.78 0.880499 
48 608.988 289.78 0.948167 
49 506.722 399.813 0.897472 
50 522.256 390.752 0.83834 
51 539.085 382.985 0.896432 
52 557.208 384.279 0.941345 
53 571.447 382.985 0.864873 
54 597.338 385.574 0.863639 
55 620.639 395.93 0.907572 
56 598.632 416.642 0.859292 
57 577.92 426.998 0.849056 
58 558.502 432.176 0.881907 
59 544.263 429.587 0.842414 
60 526.14 423.115 0.860256 
61 514.489 401.108 0.853489 
62 540.379 394.635 0.883733 
63 557.208 394.635 0.959701 
64 574.036 394.635 0.844605 
65 610.283 397.224 0.859429 
66 575.331 406.286 0.795751 
67 558.502 410.169 0.870045 
68 542.968 408.875 0.782497 
69 506.722 280.719 0.845424 
70 616.755 280.719 0.845532 
