1 468.778 299.46 0.816806 
2 468.778 330.709 0.837479 
3 472.684 360.655 0.767027 
4 477.892 390.602 0.798637 
5 488.309 420.548 0.78257 
6 506.537 449.193 0.789305 
7 523.463 471.327 0.768133 
8 548.202 492.16 0.810957 
9 579.45 499.972 0.793986 
10 613.303 492.16 0.859007 
11 643.25 475.233 0.811208 
12 665.384 450.495 0.846662 
13 684.914 424.454 0.794606 
14 695.331 393.206 0.793258 
15 700.539 361.957 0.76827 
16 704.445 329.407 0.805374 
17 705.747 295.554 0.812596 
18 477.892 263.003 0.910588 
19 489.611 249.983 0.878538 
20 509.141 243.473 0.880204 
21 529.973 249.983 0.893439 
22 550.806 256.493 0.895195 
23 591.169 253.889 0.849562 
24 613.303 243.473 0.879716 
25 639.344 240.869 0.878745 
26 664.082 248.681 0.880921 
27 683.612 264.305 0.857606 
28 569.034 277.326 0.860759 
29 567.732 294.252 0.863463 
30 565.128 309.876 0.791755 
31 562.524 325.5 0.865468 
32 544.296 355.447 0.894056 
33 554.712 358.051 0.854176 
34 569.034 360.655 0.832293 
35 580.752 356.749 0.939494 
36 592.471 355.447 0.890848 
37 498.725 289.044 0.896937 
38 510.443 279.93 0.861082 
39 529.973 279.93 0.888566 
40 545.598 289.044 0.839331 
41 529.973 294.252 0.926828 
42 511.745 294.252 0.875387 
43 604.189 287.742 0.872227 
44 622.417 277.326 0.89111 
45 641.948 278.628 0.862052 
46 654.968 286.44 0.929216 
47 641.948 292.95 0.931764 
48 622.417 292.95 0.927441 
49 523.463 408.83 0.898986 
50 539.088 397.112 0.950331 
51 554.712 387.998 0.872691 
52 570.336 389.3 0.886745 
53 582.054 386.696 0.93563 
54 602.887 395.81 0.85689 
55 625.021 407.528 0.888284 
56 606.793 421.85 0.802736 
57 587.263 429.663 0.842796 
58 570.336 429.663 0.912454 
59 556.014 429.663 0.862833 
60 539.088 423.152 0.855195 
61 529.973 408.83 0.905625 
62 554.712 406.226 0.868998 
63 570.336 406.226 0.92169 
64 582.054 404.924 0.867728 
65 615.907 407.528 0.843651 
66 583.356 407.528 0.875298 
67 570.336 407.528 0.906985 
68 554.712 407.528 0.880074 
69 522.161 283.836 0.814441 
70 632.833 282.534 0.863607 
