1 471.694 296.981 0.850355 
2 473.014 328.673 0.82086 
3 474.335 359.045 0.820254 
4 480.937 389.417 0.747993 
5 488.86 417.148 0.720132 
6 506.027 446.199 0.805957 
7 523.194 468.648 0.751106 
8 546.963 488.456 0.797407 
9 577.335 497.699 0.787693 
10 611.668 489.776 0.82116 
11 642.04 475.25 0.821016 
12 665.81 451.481 0.811627 
13 684.297 423.75 0.849209 
14 696.181 392.058 0.864393 
15 700.143 361.686 0.845947 
16 706.746 328.673 0.889612 
17 706.746 294.34 0.813793 
18 478.296 257.365 0.838365 
19 494.142 244.16 0.910073 
20 513.95 240.199 0.82069 
21 535.078 244.16 0.888967 
22 552.245 253.404 0.876326 
23 591.861 252.083 0.852643 
24 614.309 242.84 0.859947 
25 642.04 236.237 0.88937 
26 665.81 244.16 0.917877 
27 684.297 260.006 0.833053 
28 570.732 274.532 0.913109 
29 569.412 289.058 0.915151 
30 569.412 307.545 0.882165 
31 568.091 320.75 0.820547 
32 548.284 351.122 0.93891 
33 558.848 352.442 0.911225 
34 569.412 356.404 0.886415 
35 581.296 352.442 0.915513 
36 594.502 351.122 0.899682 
37 498.104 285.096 0.889306 
38 509.989 273.211 0.870583 
39 528.476 270.57 0.890611 
40 545.643 282.455 0.829354 
41 528.476 287.737 0.918151 
42 512.63 289.058 0.858689 
43 607.707 286.417 0.872142 
44 622.232 270.57 0.908576 
45 642.04 270.57 0.838112 
46 655.245 279.814 0.916453 
47 642.04 287.737 0.923055 
48 622.232 287.737 0.982052 
49 527.155 407.904 0.875731 
50 539.04 392.058 0.988883 
51 557.527 382.814 0.897682 
52 569.412 384.135 0.912681 
53 581.296 382.814 0.922779 
54 602.425 392.058 0.914757 
55 623.553 407.904 0.873142 
56 605.066 423.75 0.858613 
57 585.258 426.391 0.828486 
58 570.732 427.712 0.881605 
59 557.527 426.391 0.871071 
60 539.04 423.75 0.872182 
61 535.078 405.263 0.833582 
62 557.527 402.622 0.903203 
63 569.412 402.622 0.957314 
64 582.617 402.622 0.879313 
65 612.989 406.584 0.851789 
66 582.617 403.943 0.860113 
67 569.412 403.943 0.928428 
68 557.527 403.943 0.901967 
69 519.232 277.173 0.852448 
70 631.476 277.173 0.860931 
