1 471.619 293.7 0.821896 
2 471.619 325.056 0.800356 
3 476.845 356.412 0.779119 
4 480.765 387.769 0.770185 
5 489.911 417.818 0.767341 
6 506.895 447.868 0.784083 
7 523.88 470.079 0.75643 
8 550.01 489.676 0.788633 
9 581.366 498.822 0.789476 
10 615.336 490.983 0.836199 
11 645.385 476.611 0.840193 
12 667.596 451.788 0.815285 
13 685.887 425.657 0.837752 
14 697.646 394.301 0.838198 
15 701.565 362.945 0.832539 
16 708.098 331.589 0.882511 
17 709.404 298.926 0.812701 
18 480.765 259.731 0.916358 
19 495.137 246.666 0.849735 
20 513.428 240.133 0.854038 
21 534.332 245.359 0.849576 
22 552.623 250.585 0.881234 
23 594.431 250.585 0.885957 
24 616.642 242.746 0.860125 
25 644.079 238.826 0.906989 
26 667.596 245.359 0.886126 
27 687.194 261.037 0.880069 
28 573.527 272.796 0.924539 
29 572.221 291.087 0.969324 
30 572.221 308.072 0.854073 
31 569.608 323.75 0.835511 
32 550.01 352.493 0.910159 
33 560.462 355.106 0.897363 
34 572.221 359.025 0.890795 
35 583.979 355.106 0.930361 
36 594.431 352.493 0.900477 
37 500.363 283.248 0.908695 
38 510.815 271.489 0.933506 
39 530.412 270.183 0.925676 
40 546.091 281.941 0.839914 
41 531.719 289.78 0.913031 
42 512.121 289.78 0.947712 
43 610.11 287.167 0.832377 
44 624.481 270.183 0.942645 
45 644.079 270.183 0.88892 
46 657.144 280.635 0.96167 
47 645.385 289.78 0.943899 
48 624.481 289.78 0.955814 
49 530.412 409.979 0.85951 
50 540.865 394.301 0.970786 
51 557.849 383.849 0.882514 
52 572.221 386.462 0.939407 
53 583.979 383.849 0.937209 
54 606.19 394.301 0.884024 
55 625.788 409.979 0.854845 
56 608.803 425.657 0.872981 
57 589.205 428.27 0.840059 
58 573.527 430.883 0.888398 
59 560.462 428.27 0.851507 
60 542.171 425.657 0.891562 
61 536.945 407.366 0.834307 
62 559.156 404.753 0.897189 
63 572.221 404.753 0.950467 
64 585.286 403.447 0.881486 
65 615.336 408.673 0.847048 
66 585.286 404.753 0.875957 
67 572.221 406.06 0.928067 
68 560.462 406.06 0.901833 
69 521.267 279.328 0.841343 
70 633.627 279.328 0.81511 
