1 474.768 293.147 0.829398 
2 473.482 325.3 0.832186 
3 478.626 357.452 0.772139 
4 481.198 388.318 0.775008 
5 491.487 417.898 0.774109 
6 506.92 447.478 0.759317 
7 522.353 470.627 0.797248 
8 545.502 491.204 0.773292 
9 575.082 498.921 0.808716 
10 612.379 493.777 0.782012 
11 641.959 478.344 0.809378 
12 665.108 456.48 0.815493 
13 685.686 428.186 0.847553 
14 697.26 397.32 0.866208 
15 704.977 366.454 0.865881 
16 707.549 334.302 0.879368 
17 710.121 299.578 0.748438 
18 482.484 262.281 0.888056 
19 495.345 245.562 0.811204 
20 513.35 241.704 0.865483 
21 533.928 244.276 0.883242 
22 553.219 253.279 0.935239 
23 593.088 253.279 0.889618 
24 616.237 244.276 0.873403 
25 644.531 241.704 0.926367 
26 667.68 245.562 0.867077 
27 686.972 263.568 0.903076 
28 572.51 275.142 0.922056 
29 571.224 294.434 0.910135 
30 568.652 311.153 0.818762 
31 564.794 325.3 0.854318 
32 544.216 354.879 0.880587 
33 554.505 356.166 0.902384 
34 568.652 358.738 0.837776 
35 582.799 356.166 0.926483 
36 594.374 354.879 0.922266 
37 501.776 284.145 0.976809 
38 513.35 273.856 0.921666 
39 531.356 273.856 0.914901 
40 546.789 285.431 0.853204 
41 531.356 291.861 0.884556 
42 513.35 293.147 0.906837 
43 611.093 289.289 0.816607 
44 623.954 276.428 0.907711 
45 643.245 276.428 0.859079 
46 656.106 285.431 0.950386 
47 644.531 293.147 0.92261 
48 623.954 293.147 0.941122 
49 524.925 408.895 0.835101 
50 539.072 396.034 0.889874 
51 553.219 385.746 0.924523 
52 568.652 388.318 0.854941 
53 582.799 385.746 0.963063 
54 603.376 396.034 0.912065 
55 623.954 412.753 0.84405 
56 604.662 426.9 0.930372 
57 584.085 432.045 0.869033 
58 569.938 433.331 0.810898 
59 553.219 429.472 0.878818 
60 540.358 425.614 0.867441 
61 532.642 408.895 0.871032 
62 553.219 406.323 0.914777 
63 568.652 406.323 0.879997 
64 582.799 406.323 0.906058 
65 613.665 411.467 0.839321 
66 582.799 406.323 0.91599 
67 568.652 407.609 0.859398 
68 554.505 406.323 0.918494 
69 522.353 282.859 0.81473 
70 634.242 282.859 0.887635 
