1 477.455 290.71 0.802131 
2 478.762 323.388 0.801395 
3 480.069 354.76 0.785658 
4 485.297 388.745 0.731734 
5 493.14 417.503 0.707134 
6 510.133 446.26 0.777711 
7 525.819 471.095 0.731461 
8 550.655 492.01 0.753584 
9 580.719 498.545 0.785365 
10 616.012 494.624 0.818787 
11 646.076 477.631 0.846707 
12 669.605 455.41 0.864787 
13 689.212 426.653 0.818238 
14 700.976 395.281 0.830875 
15 708.819 362.603 0.829375 
16 711.433 331.231 0.892382 
17 712.74 298.552 0.793918 
18 486.605 258.031 0.847401 
19 500.983 246.267 0.864418 
20 520.59 239.731 0.845295 
21 541.505 246.267 0.896123 
22 558.497 255.417 0.852813 
23 596.405 254.11 0.841565 
24 623.855 244.96 0.840635 
25 648.69 238.424 0.922275 
26 672.219 246.267 0.881499 
27 690.519 263.26 0.882205 
28 575.49 277.638 0.946279 
29 574.183 295.938 0.90074 
30 572.876 310.317 0.913106 
31 570.262 329.924 0.816111 
32 553.269 354.76 0.862731 
33 562.419 359.988 0.894322 
34 574.183 361.295 0.926399 
35 585.947 361.295 0.930392 
36 597.712 357.374 0.833687 
37 503.597 288.095 0.975315 
38 515.362 278.945 0.931527 
39 533.662 277.638 0.927562 
40 551.962 288.095 0.853149 
41 533.662 290.71 0.84489 
42 515.362 294.631 0.848934 
43 614.705 289.402 0.894366 
44 627.776 278.945 0.972974 
45 647.383 278.945 0.942144 
46 659.148 288.095 0.97046 
47 647.383 294.631 0.877706 
48 627.776 294.631 0.890882 
49 531.047 413.581 0.874778 
50 542.812 395.281 0.894625 
51 558.497 387.438 0.830945 
52 574.183 392.667 0.935561 
53 585.947 388.745 0.866754 
54 606.862 396.588 0.872108 
55 627.776 413.581 0.92847 
56 608.169 425.345 0.903872 
57 588.562 433.188 0.858252 
58 574.183 434.495 0.908872 
59 558.497 431.881 0.820012 
60 542.812 425.345 0.913368 
61 537.583 412.274 0.841724 
62 558.497 404.431 0.862603 
63 574.183 405.738 0.919276 
64 587.255 404.431 0.876289 
65 617.319 413.581 0.886262 
66 587.255 405.738 0.848059 
67 574.183 407.045 0.871004 
68 558.497 405.738 0.825214 
69 524.512 284.174 0.758148 
70 636.926 286.788 0.889501 
