1 470.895 293.471 0.8169 
2 472.206 324.937 0.78977 
3 476.139 356.402 0.790424 
4 478.761 386.556 0.752359 
5 487.939 416.71 0.769371 
6 504.982 446.864 0.773648 
7 522.026 469.152 0.769401 
8 548.247 490.129 0.804366 
9 578.401 496.684 0.765524 
10 612.488 490.129 0.857536 
11 642.642 474.396 0.814086 
12 666.241 449.486 0.836708 
13 684.596 424.576 0.834556 
14 696.395 394.422 0.835977 
15 701.64 362.957 0.825974 
16 706.884 331.492 0.874901 
17 708.195 298.716 0.806494 
18 478.761 259.384 0.906989 
19 494.494 246.274 0.851696 
20 512.849 239.719 0.850543 
21 533.825 243.652 0.833242 
22 552.18 250.207 0.852826 
23 592.823 248.896 0.897707 
24 615.11 239.719 0.864186 
25 642.642 237.096 0.914551 
26 666.241 242.341 0.875593 
27 685.907 259.384 0.907463 
28 571.846 271.184 0.938969 
29 571.846 289.538 0.987493 
30 570.535 305.271 0.870444 
31 569.224 322.315 0.876752 
32 549.558 351.158 0.889751 
33 560.046 353.78 0.938513 
34 570.535 355.091 0.93447 
35 582.334 353.78 0.979165 
36 594.134 352.469 0.881113 
37 498.427 281.672 0.919208 
38 510.227 269.873 0.940132 
39 529.892 269.873 0.934567 
40 546.936 280.361 0.849512 
41 529.892 288.227 0.897777 
42 511.538 289.538 0.919184 
43 609.866 285.605 0.817942 
44 622.977 269.873 0.962017 
45 642.642 269.873 0.916103 
46 655.753 280.361 0.974017 
47 643.953 289.538 0.93912 
48 622.977 289.538 0.948593 
49 528.581 407.533 0.894531 
50 539.07 393.111 0.922843 
51 557.424 383.934 0.8728 
52 570.535 385.245 0.965023 
53 583.645 383.934 0.90571 
54 604.622 391.8 0.855105 
55 624.288 407.533 0.892449 
56 607.244 421.954 0.812577 
57 588.889 427.198 0.869718 
58 571.846 427.198 0.92078 
59 558.735 427.198 0.889356 
60 540.381 421.954 0.841348 
61 535.136 406.222 0.866796 
62 558.735 402.289 0.85522 
63 570.535 403.6 0.931008 
64 584.956 402.289 0.844196 
65 613.799 406.222 0.883304 
66 583.645 403.6 0.843888 
67 570.535 404.911 0.936305 
68 558.735 404.911 0.868738 
69 520.715 277.739 0.823582 
70 632.154 277.739 0.818679 
