1 466.809 299.1 0.822287 
2 465.493 329.378 0.846938 
3 470.759 359.656 0.77798 
4 476.024 391.251 0.800061 
5 486.556 420.213 0.773895 
6 504.986 449.174 0.793339 
7 522.1 472.87 0.742403 
8 547.112 495.25 0.791119 
9 578.706 503.148 0.803984 
10 611.617 495.25 0.800535 
11 643.212 478.136 0.794773 
12 664.275 451.807 0.823233 
13 681.389 425.478 0.751457 
14 693.237 393.884 0.754464 
15 697.186 362.289 0.806845 
16 702.452 329.378 0.779477 
17 705.085 295.151 0.773569 
18 476.024 262.24 0.88599 
19 487.872 249.076 0.907503 
20 507.619 242.493 0.863525 
21 528.682 249.076 0.923763 
22 548.428 256.974 0.887128 
23 589.238 251.708 0.815291 
24 611.617 242.493 0.873662 
25 635.313 238.544 0.903264 
26 664.275 247.759 0.860629 
27 678.756 262.24 0.845972 
28 568.175 276.721 0.839704 
29 565.542 292.518 0.842278 
30 562.909 310.948 0.828738 
31 561.593 325.429 0.842219 
32 541.846 354.391 0.880717 
33 553.694 357.024 0.856588 
34 568.175 360.973 0.837685 
35 580.023 355.707 0.926972 
36 591.871 354.391 0.894459 
37 497.087 288.569 0.908273 
38 508.935 279.354 0.904684 
39 527.365 279.354 0.927749 
40 541.846 288.569 0.843399 
41 527.365 292.518 0.960196 
42 508.935 292.518 0.901867 
43 602.402 285.936 0.881264 
44 622.149 278.037 0.887466 
45 637.946 279.354 0.86459 
46 653.743 285.936 0.932529 
47 637.946 291.202 0.887578 
48 620.833 291.202 0.907378 
49 523.416 408.365 0.878978 
50 537.897 397.833 0.979544 
51 553.694 388.618 0.859253 
52 569.491 392.567 0.877092 
53 581.339 387.302 0.915129 
54 602.402 396.517 0.928278 
55 623.465 407.048 0.906722 
56 605.035 422.845 0.811753 
57 585.289 429.428 0.847159 
58 569.491 432.061 0.899153 
59 556.327 430.744 0.866311 
60 539.213 426.795 0.872024 
61 529.998 408.365 0.888709 
62 555.011 407.048 0.879925 
63 569.491 407.048 0.938363 
64 581.339 405.732 0.878937 
65 614.25 408.365 0.860572 
66 581.339 407.048 0.892316 
67 569.491 408.365 0.910153 
68 555.011 408.365 0.871321 
69 519.467 281.987 0.859708 
70 631.364 281.987 0.846768 
