1 480.482 291.941 0.784165 
2 481.785 323.205 0.777459 
3 485.693 355.772 0.775743 
4 488.298 389.642 0.787606 
5 498.72 419.603 0.744756 
6 513.049 445.657 0.735208 
7 529.984 473.013 0.779285 
8 554.735 493.856 0.789156 
9 587.302 497.764 0.768663 
10 622.474 495.159 0.866758 
11 651.133 475.618 0.827506 
12 674.581 454.776 0.880023 
13 694.121 426.117 0.771776 
14 705.845 394.852 0.790544 
15 712.359 363.588 0.752486 
16 716.267 331.021 0.853831 
17 720.175 298.454 0.767331 
18 489.601 256.769 0.876553 
19 505.233 243.742 0.84761 
20 526.076 235.926 0.866835 
21 548.221 239.834 0.861931 
22 567.762 247.65 0.84015 
23 608.145 247.65 0.814058 
24 632.896 239.834 0.8729 
25 656.344 235.926 0.923051 
26 683.7 245.045 0.878406 
27 698.029 261.979 0.829939 
28 585.999 275.006 0.858208 
29 583.394 291.941 0.85526 
30 582.091 310.178 0.87828 
31 582.091 329.719 0.877689 
32 559.946 354.469 0.889402 
33 570.367 359.68 0.965123 
34 582.091 360.983 0.983544 
35 593.815 359.68 0.926768 
36 606.842 357.075 0.836648 
37 510.444 280.217 0.876524 
38 522.168 269.795 0.847178 
39 540.405 268.493 0.841367 
40 558.643 282.822 0.857882 
41 540.405 286.73 0.88996 
42 523.471 286.73 0.885793 
43 621.171 284.125 0.885484 
44 634.198 269.795 0.90448 
45 655.041 272.401 0.861522 
46 669.37 285.428 0.86733 
47 655.041 288.033 0.940798 
48 634.198 286.73 0.951522 
49 537.8 411.787 0.88783 
50 550.827 398.76 0.895307 
51 569.064 389.642 0.883352 
52 582.091 392.247 0.957948 
53 595.118 390.944 0.879885 
54 615.961 398.76 0.838013 
55 634.198 413.09 0.936031 
56 617.263 426.117 0.827496 
57 600.329 433.933 0.887717 
58 582.091 433.933 0.93014 
59 569.064 433.933 0.873659 
60 550.827 426.117 0.863932 
61 544.313 411.787 0.875298 
62 569.064 409.182 0.844957 
63 582.091 410.484 0.936945 
64 597.723 409.182 0.825082 
65 625.079 413.09 0.903894 
66 597.723 410.484 0.821555 
67 582.091 410.484 0.951596 
68 569.064 410.484 0.855631 
69 531.287 276.309 0.773586 
70 643.317 277.611 0.880175 
