1 483.192 290.503 0.777145 
2 483.192 321.825 0.778555 
3 487.107 354.451 0.764566 
4 489.718 387.078 0.811781 
5 498.853 418.4 0.765266 
6 510.599 444.502 0.77586 
7 530.175 470.603 0.813233 
8 553.666 491.484 0.812937 
9 584.988 495.399 0.808147 
10 621.53 492.789 0.812397 
11 648.937 474.518 0.81653 
12 675.038 452.332 0.835996 
13 692.004 426.231 0.759896 
14 705.055 393.604 0.753704 
15 711.58 360.977 0.767817 
16 718.106 328.35 0.851871 
17 719.411 295.723 0.813273 
18 491.023 253.961 0.876129 
19 506.684 240.91 0.841038 
20 527.565 233.08 0.86711 
21 549.751 236.995 0.856965 
22 568.022 246.13 0.828124 
23 608.479 246.13 0.813109 
24 633.276 236.995 0.854922 
25 656.767 233.08 0.935665 
26 682.869 242.215 0.87213 
27 698.529 261.791 0.893063 
28 586.293 272.232 0.884632 
29 583.683 289.198 0.887099 
30 582.378 306.164 0.929415 
31 582.378 327.045 0.891329 
32 561.497 351.841 0.880807 
33 571.937 357.062 0.935498 
34 582.378 358.367 0.972283 
35 594.124 357.062 0.963363 
36 605.869 354.451 0.847118 
37 510.599 277.452 0.875141 
38 522.344 265.706 0.877276 
39 541.921 265.706 0.875889 
40 558.887 278.757 0.836995 
41 541.921 283.977 0.916622 
42 523.65 283.977 0.897755 
43 622.835 282.672 0.864119 
44 635.886 265.706 0.938623 
45 655.462 269.622 0.864205 
46 668.513 282.672 0.896703 
47 655.462 285.283 0.925711 
48 635.886 285.283 0.965424 
49 538.005 409.265 0.874197 
50 551.056 393.604 0.883632 
51 568.022 385.773 0.85308 
52 582.378 389.688 0.964662 
53 595.429 387.078 0.896838 
54 615.005 394.909 0.873286 
55 634.581 410.57 0.958461 
56 616.31 422.315 0.897213 
57 596.734 430.146 0.868523 
58 582.378 430.146 0.931798 
59 566.717 428.841 0.835539 
60 551.056 421.01 0.915848 
61 543.226 407.96 0.868877 
62 566.717 401.434 0.837452 
63 582.378 404.044 0.896367 
64 595.429 402.739 0.851118 
65 625.445 409.265 0.936417 
66 595.429 404.044 0.834772 
67 582.378 405.349 0.882274 
68 566.717 404.044 0.817222 
69 532.785 273.537 0.801757 
70 645.021 274.842 0.877941 
