1 481.714 296.463 0.853308 
2 483.017 329.044 0.846597 
3 485.623 361.625 0.772967 
4 492.14 394.206 0.820812 
5 502.566 422.878 0.757779 
6 520.811 451.549 0.798245 
7 536.45 475.007 0.756773 
8 562.515 494.556 0.819859 
9 595.096 502.375 0.822157 
10 627.677 494.556 0.835251 
11 656.348 478.917 0.813689 
12 678.503 454.156 0.809941 
13 696.748 429.394 0.810637 
14 709.781 398.116 0.822515 
15 714.994 366.838 0.801952 
16 720.207 334.257 0.865196 
17 721.51 299.07 0.767677 
18 497.353 262.579 0.833361 
19 511.688 248.244 0.864938 
20 532.54 243.031 0.900621 
21 553.392 249.547 0.889824 
22 574.244 256.063 0.878439 
23 614.644 254.76 0.841662 
24 636.799 245.637 0.886668 
25 660.258 241.727 0.916386 
26 687.626 244.334 0.854597 
27 700.658 262.579 0.902736 
28 592.489 282.128 0.852889 
29 588.579 296.463 0.823921 
30 585.973 314.709 0.913468 
31 585.973 332.954 0.84731 
32 563.818 357.716 0.922161 
33 575.547 362.929 0.905393 
34 585.973 366.838 0.939813 
35 600.309 364.232 0.836256 
36 614.644 359.019 0.845956 
37 520.811 293.857 0.932427 
38 532.54 284.734 0.949749 
39 549.482 284.734 0.892824 
40 563.818 293.857 0.910924 
41 550.785 295.16 0.864677 
42 532.54 296.463 0.916767 
43 627.677 293.857 0.932757 
44 645.922 287.341 0.859305 
45 660.258 288.644 0.873779 
46 677.2 293.857 0.954116 
47 660.258 299.07 0.853218 
48 644.619 296.463 0.860319 
49 542.966 416.362 0.880648 
50 554.695 399.419 0.927846 
51 574.244 390.297 0.917439 
52 585.973 396.813 0.903027 
53 602.915 391.6 0.855094 
54 622.464 400.723 0.842262 
55 639.406 417.665 0.851166 
56 625.07 430.697 0.887984 
57 605.522 438.517 0.907817 
58 587.276 439.82 0.881662 
59 574.244 438.517 0.884457 
60 555.998 430.697 0.880487 
61 550.785 415.058 0.820265 
62 574.244 409.845 0.931511 
63 585.973 411.149 0.942186 
64 604.218 409.845 0.892296 
65 631.586 417.665 0.810053 
66 604.218 411.149 0.868982 
67 585.973 411.149 0.896299 
68 574.244 409.845 0.9161 
69 542.966 291.25 0.840831 
70 652.438 293.857 0.816424 
