1 466.83 296.293 0.797319 
2 462.848 325.497 0.844038 
3 464.175 356.028 0.786575 
4 470.813 386.56 0.84237 
5 482.76 418.418 0.841026 
6 501.344 447.622 0.751651 
7 517.274 471.517 0.793436 
8 543.823 492.756 0.849832 
9 574.354 498.066 0.768868 
10 607.541 491.429 0.830284 
11 634.09 471.517 0.812886 
12 660.639 448.95 0.822209 
13 676.568 422.401 0.760242 
14 689.843 393.197 0.766666 
15 695.153 362.665 0.837606 
16 700.463 330.806 0.793217 
17 703.117 297.62 0.771803 
18 476.122 259.124 0.833513 
19 489.397 245.849 0.833679 
20 506.654 239.212 0.838627 
21 526.566 245.849 0.866478 
22 545.15 252.486 0.90109 
23 587.629 249.832 0.819837 
24 610.195 241.867 0.872459 
25 634.09 236.557 0.888372 
26 661.966 245.849 0.893114 
27 677.896 261.779 0.835148 
28 565.062 277.708 0.87374 
29 563.735 292.31 0.843848 
30 561.08 310.895 0.869923 
31 559.752 325.497 0.805803 
32 537.185 353.373 0.915764 
33 550.46 356.028 0.839823 
34 566.389 361.338 0.85903 
35 578.337 356.028 0.916476 
36 591.611 353.373 0.883618 
37 496.034 287 0.890426 
38 509.309 279.036 0.901341 
39 525.238 279.036 0.975991 
40 538.513 288.328 0.854294 
41 525.238 289.655 0.973965 
42 509.309 290.983 0.898581 
43 600.903 287 0.875855 
44 619.488 279.036 0.934572 
45 634.09 279.036 0.914461 
46 651.347 285.673 0.920048 
47 634.09 289.655 0.896676 
48 619.488 289.655 0.913268 
49 515.946 405.144 0.859721 
50 533.203 389.214 0.837003 
51 551.787 382.577 0.853647 
52 566.389 385.232 0.97424 
53 580.992 378.595 0.81037 
54 604.886 386.56 0.871485 
55 626.125 398.507 0.837466 
56 608.868 422.401 0.843188 
57 587.629 434.348 0.853744 
58 567.717 438.33 0.901826 
59 554.442 437.003 0.871799 
60 534.531 427.711 0.894922 
61 525.238 405.144 0.884083 
62 551.787 395.852 0.876801 
63 567.717 395.852 0.940073 
64 582.319 394.524 0.811554 
65 618.16 399.834 0.80592 
66 584.974 413.109 0.796145 
67 567.717 415.764 0.897852 
68 554.442 415.764 0.816911 
69 517.274 281.691 0.835182 
70 628.78 280.363 0.83762 
