1 466.336 297.254 0.809098 
2 465.021 328.8 0.834355 
3 468.964 357.717 0.764086 
4 474.222 390.577 0.806504 
5 484.737 418.18 0.778224 
6 503.139 448.412 0.781206 
7 521.541 472.071 0.744527 
8 546.515 494.416 0.807602 
9 578.061 499.674 0.82993 
10 609.607 490.473 0.850245 
11 639.838 473.386 0.787912 
12 662.183 449.726 0.851708 
13 681.9 424.752 0.810573 
14 692.415 394.521 0.814363 
15 696.358 362.975 0.843248 
16 702.93 331.429 0.833204 
17 704.245 297.254 0.794736 
18 475.536 260.45 0.849763 
19 488.681 247.306 0.875174 
20 507.082 242.049 0.832666 
21 528.113 247.306 0.901713 
22 547.829 256.507 0.9345 
23 588.576 251.249 0.823094 
24 610.921 243.363 0.85949 
25 637.209 238.105 0.876062 
26 662.183 245.992 0.904759 
27 680.585 263.079 0.827042 
28 567.545 277.538 0.891268 
29 566.231 291.996 0.850259 
30 563.602 310.398 0.867232 
31 560.973 324.857 0.791074 
32 541.257 353.774 0.868137 
33 553.087 357.717 0.822912 
34 567.545 361.66 0.889023 
35 579.375 356.403 0.88817 
36 593.834 352.459 0.882756 
37 496.567 288.053 0.92263 
38 509.711 278.852 0.911642 
39 526.799 278.852 0.968912 
40 542.572 288.053 0.861184 
41 526.799 290.682 0.956958 
42 509.711 290.682 0.867095 
43 603.035 288.053 0.867061 
44 620.122 278.852 0.959057 
45 638.524 278.852 0.916846 
46 651.668 286.739 0.952854 
47 638.524 289.368 0.913721 
48 620.122 289.368 0.943407 
49 518.912 406.35 0.906999 
50 536 394.521 0.919364 
51 554.401 384.005 0.875795 
52 567.545 385.32 0.95719 
53 580.69 384.005 0.889254 
54 604.349 389.263 0.815999 
55 625.38 405.036 0.835548 
56 609.607 426.067 0.891843 
57 588.576 436.582 0.917751 
58 570.174 436.582 0.898936 
59 557.03 436.582 0.907844 
60 536 427.381 0.897465 
61 526.799 406.35 0.896798 
62 554.401 398.464 0.815989 
63 568.86 397.15 0.913871 
64 584.633 395.835 0.863841 
65 617.493 405.036 0.827173 
66 585.947 412.923 0.789327 
67 568.86 415.551 0.90326 
68 555.716 415.551 0.832002 
69 518.912 281.481 0.824008 
70 630.637 280.167 0.855234 
