1 471.811 296.402 0.859339 
2 473.13 328.062 0.829915 
3 474.449 359.722 0.838487 
4 479.726 390.063 0.759648 
5 488.96 417.766 0.720427 
6 506.109 445.469 0.807499 
7 521.939 467.895 0.745001 
8 547.003 487.682 0.788216 
9 577.344 496.916 0.798789 
10 611.643 490.321 0.811995 
11 641.984 475.81 0.841129 
12 665.729 452.065 0.822869 
13 684.198 423.043 0.847335 
14 696.07 392.702 0.864939 
15 701.347 361.042 0.837165 
16 706.623 328.062 0.895328 
17 706.623 295.083 0.821437 
18 478.406 258.146 0.826773 
19 494.237 244.954 0.910604 
20 514.024 240.997 0.824248 
21 535.131 243.635 0.890211 
22 552.28 252.869 0.872921 
23 591.855 252.869 0.867518 
24 614.281 243.635 0.874168 
25 641.984 235.72 0.879839 
26 665.729 243.635 0.918363 
27 685.517 260.784 0.838118 
28 570.749 275.295 0.920201 
29 569.429 288.487 0.908167 
30 569.429 306.955 0.878397 
31 566.791 320.147 0.81772 
32 548.323 350.488 0.932969 
33 558.876 351.807 0.903627 
34 569.429 355.765 0.883247 
35 581.302 353.127 0.901616 
36 594.494 350.488 0.890287 
37 498.194 285.849 0.902641 
38 510.067 272.657 0.874201 
39 528.535 270.019 0.891104 
40 545.684 281.891 0.822303 
41 528.535 287.168 0.917508 
42 512.705 288.487 0.842503 
43 607.685 285.849 0.891804 
44 622.196 271.338 0.909224 
45 641.984 271.338 0.83845 
46 655.176 280.572 0.917316 
47 641.984 287.168 0.918378 
48 622.196 287.168 0.975234 
49 527.216 408.532 0.869187 
50 539.088 391.383 0.985841 
51 557.557 382.148 0.89373 
52 569.429 384.787 0.917755 
53 581.302 382.148 0.919861 
54 602.409 391.383 0.90995 
55 623.516 408.532 0.857731 
56 605.047 423.043 0.876246 
57 586.579 427 0.820348 
58 570.749 429.639 0.878977 
59 557.557 427 0.850531 
60 539.088 423.043 0.889292 
61 535.131 405.893 0.827659 
62 557.557 401.936 0.906258 
63 569.429 401.936 0.967646 
64 582.621 400.617 0.873333 
65 612.962 407.213 0.840354 
66 583.94 403.255 0.849633 
67 570.749 404.574 0.901817 
68 557.557 403.255 0.865695 
69 519.301 276.614 0.851124 
70 631.431 276.614 0.856559 
