1 484.139 291.397 0.796495 
2 484.139 322.914 0.789584 
3 486.766 354.431 0.80117 
4 488.079 387.262 0.798566 
5 498.585 417.466 0.758903 
6 511.717 443.73 0.759861 
7 530.102 469.994 0.795293 
8 552.426 489.692 0.790803 
9 583.943 494.945 0.818525 
10 620.713 493.632 0.802111 
11 646.978 475.247 0.833396 
12 674.555 452.922 0.837064 
13 691.627 426.658 0.761434 
14 704.759 395.141 0.752633 
15 711.325 363.624 0.761998 
16 717.891 329.48 0.826483 
17 720.518 295.337 0.800056 
18 493.332 253.314 0.875618 
19 507.777 240.182 0.890505 
20 528.788 232.302 0.903527 
21 549.8 238.869 0.894755 
22 569.498 246.748 0.845427 
23 610.208 245.435 0.811109 
24 633.845 237.555 0.878881 
25 657.483 232.302 0.905737 
26 685.061 241.495 0.90775 
27 698.193 262.506 0.896815 
28 587.883 271.699 0.875972 
29 583.943 290.084 0.861588 
30 582.63 307.156 0.911414 
31 581.317 326.854 0.90959 
32 560.306 351.805 0.882196 
33 570.811 357.058 0.958639 
34 582.63 358.371 0.969558 
35 594.449 357.058 0.920543 
36 608.894 355.745 0.842468 
37 511.717 279.578 0.84564 
38 524.849 266.446 0.838837 
39 541.921 266.446 0.830158 
40 560.306 280.891 0.871538 
41 541.921 283.518 0.880529 
42 524.849 284.831 0.880253 
43 622.027 282.205 0.893135 
44 635.159 267.759 0.898208 
45 656.17 270.386 0.878462 
46 669.302 283.518 0.908499 
47 654.857 284.831 0.915471 
48 635.159 284.831 0.960924 
49 537.981 409.586 0.890041 
50 549.8 393.828 0.879029 
51 568.185 387.262 0.862571 
52 581.317 389.888 0.961275 
53 595.762 387.262 0.876595 
54 615.461 395.141 0.855322 
55 633.845 410.9 0.949201 
56 615.461 422.718 0.873794 
57 598.389 430.598 0.868631 
58 581.317 430.598 0.950088 
59 566.872 429.285 0.836877 
60 549.8 421.405 0.908661 
61 544.547 408.273 0.858319 
62 568.185 403.02 0.832428 
63 581.317 405.647 0.903347 
64 595.762 404.333 0.826803 
65 624.653 409.586 0.92873 
66 595.762 405.647 0.813967 
67 581.317 406.96 0.903006 
68 568.185 404.333 0.820014 
69 532.728 273.012 0.767288 
70 644.351 274.325 0.89031 
