1 479.461 294.736 0.813795 
2 479.461 327.213 0.865521 
3 483.359 358.391 0.777851 
4 488.555 389.57 0.800924 
5 498.948 420.748 0.793197 
6 514.537 450.627 0.777539 
7 531.425 474.01 0.783134 
8 557.407 494.796 0.78607 
9 588.585 502.59 0.770696 
10 622.361 494.796 0.83565 
11 652.24 477.908 0.808966 
12 674.325 453.225 0.831264 
13 693.811 428.542 0.809053 
14 705.503 397.364 0.811163 
15 713.298 366.186 0.791444 
16 715.896 332.41 0.828794 
17 718.494 296.035 0.781412 
18 491.153 260.96 0.817767 
19 508.041 245.371 0.851245 
20 528.827 244.071 0.893604 
21 548.313 246.67 0.874567 
22 567.799 254.464 0.859871 
23 609.37 254.464 0.842474 
24 632.754 244.071 0.908034 
25 654.839 241.473 0.898404 
26 682.119 244.071 0.870329 
27 696.409 263.558 0.929114 
28 585.987 279.147 0.831279 
29 582.089 296.035 0.901172 
30 582.089 315.521 0.923602 
31 580.79 333.709 0.846013 
32 560.005 357.092 0.928344 
33 570.398 359.69 0.92578 
34 582.089 364.887 0.905411 
35 593.781 359.69 0.877355 
36 608.071 358.391 0.872061 
37 510.64 293.437 0.934123 
38 522.331 285.642 0.929637 
39 540.519 285.642 0.944721 
40 557.407 290.839 0.804164 
41 540.519 294.736 0.88173 
42 522.331 296.035 0.882158 
43 623.66 293.437 0.937762 
44 637.95 286.941 0.882407 
45 654.839 288.24 0.91184 
46 669.129 294.736 0.89413 
47 654.839 296.035 0.958573 
48 636.651 296.035 0.921727 
49 537.92 414.252 0.844206 
50 550.911 398.663 0.991906 
51 569.099 389.57 0.909367 
52 582.089 393.467 0.907607 
53 595.08 389.57 0.882115 
54 615.866 399.962 0.896465 
55 634.053 414.252 0.853068 
56 618.464 429.841 0.883636 
57 598.978 435.038 0.835992 
58 582.089 437.636 0.891142 
59 569.099 433.739 0.831382 
60 550.911 429.841 0.899266 
61 544.416 412.953 0.824815 
62 569.099 409.056 0.905741 
63 582.089 410.355 0.972357 
64 597.679 410.355 0.873328 
65 624.959 414.252 0.825235 
66 597.679 410.355 0.86062 
67 582.089 410.355 0.935646 
68 569.099 410.355 0.91253 
69 530.126 289.54 0.799715 
70 644.446 292.138 0.83422 
