1 471.473 293.872 0.906724 
2 472.763 326.138 0.914787 
3 476.635 358.403 0.781796 
4 483.088 390.669 0.799339 
5 493.413 420.353 0.766792 
6 508.901 450.038 0.774714 
7 526.969 473.269 0.749199 
8 552.782 492.629 0.782631 
9 585.048 500.372 0.825338 
10 617.313 493.919 0.828765 
11 646.998 478.432 0.873016 
12 668.938 452.619 0.827321 
13 687.007 428.097 0.84079 
14 697.332 397.122 0.820608 
15 702.495 366.147 0.814068 
16 708.948 333.882 0.856634 
17 710.238 301.616 0.795058 
18 483.088 262.897 0.967946 
19 495.994 249.991 0.829342 
20 515.354 243.538 0.889255 
21 537.294 247.41 0.848009 
22 556.654 255.153 0.879727 
23 596.663 253.863 0.880125 
24 621.185 243.538 0.853571 
25 646.998 242.247 0.919308 
26 671.52 246.119 0.838776 
27 689.588 264.188 0.909166 
28 576.013 275.803 0.933472 
29 576.013 293.872 0.971951 
30 574.723 313.232 0.879093 
31 573.432 328.719 0.819218 
32 552.782 355.822 0.930079 
33 564.398 358.403 0.925483 
34 574.723 362.275 0.920613 
35 586.338 358.403 0.937867 
36 597.954 357.113 0.898753 
37 503.738 284.838 0.984166 
38 516.644 274.513 0.887142 
39 536.004 273.222 0.8993 
40 551.491 284.838 0.887574 
41 534.713 288.71 0.863177 
42 517.935 291.291 0.827455 
43 614.732 286.128 0.862842 
44 627.638 273.222 0.919896 
45 648.288 273.222 0.965514 
46 659.904 284.838 0.95549 
47 648.288 291.291 0.934925 
48 627.638 290 0.855086 
49 532.132 412.61 0.850605 
50 545.038 397.122 0.985756 
51 563.107 388.088 0.895105 
52 574.723 390.669 0.913419 
53 587.629 388.088 0.903026 
54 609.57 397.122 0.887272 
55 627.638 413.9 0.839405 
56 613.441 428.097 0.891822 
57 594.082 433.26 0.837544 
58 576.013 434.55 0.875802 
59 563.107 431.969 0.848189 
60 545.038 428.097 0.895191 
61 538.585 411.319 0.828203 
62 563.107 407.447 0.905855 
63 576.013 407.447 0.96507 
64 590.21 407.447 0.862819 
65 618.604 412.61 0.812347 
66 590.21 408.738 0.848706 
67 576.013 408.738 0.932929 
68 563.107 408.738 0.900356 
69 528.26 278.385 0.750231 
70 637.963 278.385 0.813286 
