1 469.243 300.043 0.844782 
2 469.243 331.338 0.847207 
3 474.459 361.329 0.843388 
4 478.371 392.623 0.777987 
5 488.802 421.31 0.726859 
6 505.754 447.389 0.813101 
7 525.313 473.468 0.737609 
8 547.48 494.331 0.814382 
9 578.775 499.547 0.844458 
10 611.373 493.027 0.800899 
11 641.364 477.38 0.880725 
12 664.835 451.301 0.783496 
13 684.395 425.222 0.845676 
14 694.826 393.927 0.841859 
15 702.65 362.632 0.845925 
16 703.954 330.034 0.852463 
17 705.258 296.131 0.80479 
18 477.067 263.532 0.831017 
19 491.41 249.189 0.888905 
20 510.969 246.581 0.831935 
21 531.833 249.189 0.900695 
22 550.088 258.317 0.93376 
23 590.51 255.709 0.824497 
24 613.981 246.581 0.82538 
25 641.364 240.061 0.907131 
26 664.835 247.885 0.888302 
27 684.395 267.444 0.903368 
28 569.647 279.18 0.926364 
29 568.343 293.523 0.875397 
30 568.343 310.475 0.909515 
31 565.735 326.122 0.795659 
32 546.176 353.505 0.895525 
33 556.608 360.025 0.8737 
34 568.343 362.632 0.917191 
35 580.079 360.025 0.864042 
36 593.118 354.809 0.833422 
37 500.538 289.611 0.900072 
38 513.577 279.18 0.909893 
39 530.529 279.18 0.886062 
40 547.48 289.611 0.92907 
41 529.225 292.219 0.853017 
42 514.881 293.523 0.835294 
43 606.158 289.611 0.876527 
44 621.805 279.18 0.917886 
45 641.364 279.18 0.978298 
46 654.404 289.611 0.93566 
47 641.364 292.219 0.936733 
48 621.805 290.915 0.927896 
49 525.313 409.575 0.866417 
50 538.352 395.231 0.941154 
51 556.608 388.711 0.85574 
52 568.343 392.623 0.921248 
53 581.383 387.408 0.830057 
54 603.55 395.231 0.847644 
55 627.021 406.967 0.825758 
56 608.766 425.222 0.873158 
57 587.902 430.438 0.822664 
58 569.647 433.046 0.870717 
59 557.911 430.438 0.853587 
60 538.352 425.222 0.893448 
61 531.833 408.271 0.824882 
62 556.608 404.359 0.909225 
63 569.647 405.663 0.972385 
64 583.99 404.359 0.847881 
65 619.197 406.967 0.797525 
66 585.294 406.967 0.820491 
67 569.647 408.271 0.886715 
68 556.608 406.967 0.832297 
69 525.313 283.092 0.785219 
70 632.237 281.788 0.85366 
