1 466.543 294.432 0.804382 
2 462.571 323.562 0.854161 
3 462.571 355.339 0.800322 
4 467.867 387.117 0.853297 
5 478.46 417.571 0.829335 
6 496.997 445.376 0.715184 
7 514.209 470.534 0.77951 
8 540.691 493.043 0.829135 
9 571.145 500.987 0.769036 
10 605.57 493.043 0.842453 
11 634.7 473.182 0.796541 
12 658.533 450.672 0.856459 
13 678.394 422.867 0.766222 
14 688.987 392.413 0.780062 
15 694.283 360.636 0.774875 
16 699.579 328.858 0.793638 
17 700.903 294.432 0.795838 
18 470.515 260.006 0.834246 
19 483.756 242.793 0.795933 
20 500.969 238.821 0.91275 
21 522.154 242.793 0.88541 
22 540.691 250.738 0.884507 
23 584.385 249.414 0.858462 
24 606.894 238.821 0.898765 
25 629.404 236.173 0.865626 
26 657.209 241.469 0.845663 
27 673.098 260.006 0.861694 
28 561.876 277.219 0.854323 
29 557.904 293.108 0.844199 
30 555.256 311.645 0.888665 
31 553.932 328.858 0.833984 
32 532.746 355.339 0.939292 
33 544.663 357.988 0.853032 
34 560.552 363.284 0.850657 
35 573.793 356.664 0.902429 
36 587.033 354.015 0.911756 
37 490.376 286.488 0.915992 
38 502.293 277.219 0.8847 
39 520.83 278.543 0.900515 
40 534.071 286.488 0.85903 
41 520.83 290.46 0.962156 
42 502.293 290.46 0.956765 
43 596.302 286.488 0.896388 
44 613.515 277.219 0.855938 
45 629.404 277.219 0.885313 
46 646.617 282.516 0.910084 
47 629.404 289.136 0.909025 
48 613.515 289.136 0.882722 
49 511.561 404.33 0.871438 
50 528.774 391.089 0.8075 
51 544.663 385.793 0.865663 
52 563.2 385.793 0.950961 
53 575.117 383.145 0.841388 
54 598.95 387.117 0.854637 
55 622.783 397.71 0.838159 
56 604.246 418.895 0.885125 
57 583.061 429.487 0.887514 
58 564.524 430.811 0.897425 
59 548.635 429.487 0.852175 
60 530.098 422.867 0.829571 
61 520.83 405.654 0.874153 
62 545.987 397.71 0.906631 
63 563.2 397.71 0.940704 
64 577.765 396.386 0.841921 
65 614.839 399.034 0.804882 
66 579.089 408.302 0.857202 
67 563.2 409.626 0.889011 
68 545.987 408.302 0.831173 
69 511.561 281.191 0.887603 
70 620.135 279.867 0.863062 
