1 473.525 294.247 0.817675 
2 473.525 326.479 0.784935 
3 478.682 360 0.737954 
4 482.55 392.232 0.76577 
5 492.864 420.595 0.731887 
6 508.335 447.67 0.750565 
7 525.096 472.166 0.749565 
8 549.592 492.795 0.746844 
9 580.534 499.241 0.7824 
10 615.344 495.373 0.820015 
11 646.287 477.323 0.87146 
12 668.204 455.406 0.823019 
13 687.543 425.753 0.858904 
14 699.147 394.81 0.846256 
15 706.882 362.578 0.810265 
16 709.461 325.19 0.853559 
17 710.75 291.669 0.802887 
18 482.55 262.015 0.943557 
19 495.442 247.833 0.814702 
20 514.781 241.387 0.890799 
21 536.699 245.255 0.83923 
22 556.038 252.99 0.864972 
23 596.005 251.701 0.887253 
24 619.212 242.676 0.849174 
25 646.287 240.098 0.957039 
26 670.783 243.966 0.852325 
27 688.833 262.015 0.924036 
28 575.377 274.908 0.923769 
29 574.088 292.958 0.948037 
30 572.798 312.297 0.900029 
31 571.509 327.768 0.793924 
32 552.17 354.843 0.903281 
33 562.484 357.421 0.866392 
34 574.088 362.578 0.886635 
35 585.691 358.711 0.891272 
36 596.005 354.843 0.888574 
37 501.889 283.933 0.938305 
38 513.492 273.619 0.905873 
39 532.831 273.619 0.87413 
40 547.013 283.933 0.828643 
41 532.831 290.379 0.864181 
42 513.492 291.669 0.943214 
43 608.898 290.379 0.862902 
44 625.659 274.908 0.898515 
45 644.998 273.619 0.846784 
46 657.89 283.933 0.932595 
47 646.287 291.669 0.922364 
48 625.659 292.958 0.964781 
49 530.253 414.149 0.831676 
50 543.145 396.099 0.927435 
51 558.617 385.785 0.869379 
52 574.088 390.942 0.883425 
53 585.691 385.785 0.922205 
54 606.319 396.099 0.937184 
55 626.948 414.149 0.896854 
56 607.609 427.042 0.919297 
57 588.27 433.488 0.844382 
58 574.088 434.777 0.897244 
59 559.906 432.199 0.814142 
60 543.145 427.042 0.914082 
61 535.41 412.86 0.820582 
62 558.617 406.414 0.885652 
63 574.088 406.414 0.933191 
64 586.98 405.124 0.898772 
65 616.634 414.149 0.855979 
66 586.98 406.414 0.881234 
67 574.088 406.414 0.888742 
68 558.617 406.414 0.855321 
69 523.806 281.354 0.816729 
70 633.394 281.354 0.795714 
