1 480.365 294.394 0.855012 
2 480.365 326.722 0.902558 
3 482.952 357.757 0.795412 
4 490.71 390.085 0.812215 
5 501.056 421.12 0.771647 
6 517.866 450.862 0.787803 
7 535.97 472.845 0.75598 
8 561.833 493.536 0.822825 
9 592.868 501.294 0.837219 
10 625.196 493.536 0.835979 
11 654.938 476.725 0.840551 
12 676.921 452.155 0.838928 
13 695.025 427.586 0.813875 
14 706.663 396.551 0.800679 
15 714.422 365.516 0.774541 
16 718.301 330.601 0.815716 
17 719.594 295.687 0.759524 
18 493.297 262.065 0.820193 
19 510.107 246.548 0.869794 
20 530.797 243.962 0.908786 
21 551.488 247.841 0.890774 
22 572.178 255.6 0.890013 
23 613.558 254.307 0.889835 
24 635.541 243.962 0.921786 
25 658.817 238.789 0.849695 
26 685.973 243.962 0.915634 
27 700.197 262.065 0.851655 
28 590.281 280.169 0.828245 
29 586.402 295.687 0.829188 
30 585.109 315.084 0.88527 
31 583.816 331.894 0.835987 
32 563.126 357.757 0.929895 
33 573.471 360.343 0.900439 
34 585.109 365.516 0.890876 
35 599.333 360.343 0.834954 
36 612.265 357.757 0.882691 
37 516.573 293.101 0.88475 
38 530.797 285.342 0.9342 
39 546.315 285.342 0.89378 
40 561.833 293.101 0.889505 
41 547.608 295.687 0.868741 
42 530.797 295.687 0.917575 
43 625.196 294.394 0.919958 
44 643.3 286.635 0.887452 
45 658.817 287.928 0.869487 
46 675.628 294.394 0.947363 
47 658.817 296.98 0.861748 
48 642.007 295.687 0.880165 
49 541.143 414.655 0.862543 
50 552.781 399.137 0.935811 
51 572.178 390.085 0.941534 
52 585.109 395.258 0.875369 
53 601.92 388.792 0.896139 
54 622.61 399.137 0.884209 
55 639.42 415.948 0.81671 
56 623.903 428.879 0.944889 
57 603.213 435.345 0.879318 
58 586.402 436.638 0.815431 
59 572.178 434.052 0.871771 
60 555.367 428.879 0.859465 
61 550.194 412.068 0.823284 
62 572.178 409.482 0.948456 
63 585.109 409.482 0.928632 
64 603.213 409.482 0.910268 
65 632.955 414.655 0.811687 
66 603.213 409.482 0.909838 
67 585.109 409.482 0.894135 
68 572.178 409.482 0.957765 
69 541.143 291.807 0.8217 
70 651.058 293.101 0.805419 
