1 462.764 296.915 0.819193 
2 461.472 325.336 0.81519 
3 460.181 355.049 0.760143 
4 462.764 386.054 0.844448 
5 474.391 415.767 0.833745 
6 493.769 445.48 0.769489 
7 510.563 468.733 0.743831 
8 533.817 493.279 0.802944 
9 566.114 498.446 0.831424 
10 598.41 491.987 0.803793 
11 629.415 475.193 0.837851 
12 653.96 449.355 0.774349 
13 673.338 423.518 0.792269 
14 684.965 392.513 0.783281 
15 691.425 360.216 0.825175 
16 694.008 327.92 0.756376 
17 697.884 294.331 0.744074 
18 467.932 262.035 0.767084 
19 478.267 247.824 0.810064 
20 496.353 240.073 0.898497 
21 515.731 245.24 0.871545 
22 535.109 252.992 0.900265 
23 577.74 251.7 0.854879 
24 599.702 241.365 0.859259 
25 626.831 238.781 0.917025 
26 650.085 245.24 0.855251 
27 669.463 260.743 0.907423 
28 555.779 278.829 0.906355 
29 554.487 294.331 0.875187 
30 551.903 312.417 0.90083 
31 549.319 330.504 0.852965 
32 526.066 353.757 0.912712 
33 537.693 361.508 0.8607 
34 555.779 362.8 0.933488 
35 568.697 358.925 0.826398 
36 586.783 353.757 0.900174 
37 484.726 289.164 0.933337 
38 495.061 278.829 0.906078 
39 514.439 278.829 0.891283 
40 528.649 286.58 0.846772 
41 514.439 290.456 0.95834 
42 496.353 291.748 0.943916 
43 591.951 289.164 0.852616 
44 607.453 277.537 0.905109 
45 624.247 276.245 0.83008 
46 639.75 282.705 0.930608 
47 626.831 290.456 0.895036 
48 607.453 290.456 0.951169 
49 505.396 397.681 0.908909 
50 522.19 389.929 0.829195 
51 540.276 383.47 0.878073 
52 555.779 384.762 0.961494 
53 572.573 383.47 0.827758 
54 597.118 384.762 0.903299 
55 619.08 396.389 0.892216 
56 598.41 417.059 0.856137 
57 576.448 427.394 0.87016 
58 557.07 432.561 0.868476 
59 544.152 429.977 0.866869 
60 524.774 422.226 0.86351 
61 514.439 400.264 0.851282 
62 541.568 395.097 0.886814 
63 557.07 395.097 0.96227 
64 573.865 393.805 0.838408 
65 610.037 397.681 0.835102 
66 575.157 406.724 0.81781 
67 557.07 410.599 0.872073 
68 542.86 409.307 0.794151 
69 505.396 281.413 0.861665 
70 616.496 281.413 0.858276 
