1 485.343 292.361 0.793266 
2 484.029 322.584 0.785726 
3 486.657 354.121 0.792015 
4 489.285 386.973 0.806602 
5 498.484 415.882 0.75354 
6 511.624 443.477 0.779146 
7 531.335 469.758 0.795308 
8 553.674 489.469 0.802127 
9 585.211 494.725 0.826372 
10 622.005 492.097 0.78418 
11 648.286 473.7 0.84225 
12 675.881 452.675 0.81736 
13 691.649 425.08 0.761218 
14 703.476 394.857 0.749699 
15 710.046 364.634 0.788218 
16 717.93 330.468 0.8027 
17 720.559 296.303 0.793639 
18 493.227 254.253 0.853279 
19 507.682 239.799 0.870919 
20 528.707 231.914 0.875409 
21 549.732 237.171 0.867592 
22 569.442 245.055 0.832261 
23 607.55 245.055 0.8127 
24 633.831 237.171 0.850155 
25 657.484 231.914 0.937677 
26 682.451 241.113 0.87929 
27 699.534 260.823 0.895454 
28 586.525 271.336 0.892495 
29 583.897 288.419 0.893367 
30 582.583 305.501 0.943241 
31 582.583 326.526 0.901908 
32 561.558 350.179 0.885544 
33 572.071 356.749 0.928156 
34 582.583 358.063 0.972356 
35 594.409 356.749 0.95068 
36 606.236 354.121 0.836708 
37 511.624 277.906 0.852807 
38 523.451 264.766 0.853574 
39 541.847 264.766 0.855447 
40 560.244 280.534 0.8561 
41 541.847 283.162 0.908953 
42 524.765 284.476 0.883353 
43 622.005 281.848 0.865438 
44 635.145 266.08 0.918026 
45 656.17 270.022 0.870437 
46 669.311 281.848 0.918267 
47 656.17 284.476 0.910881 
48 636.459 284.476 0.973392 
49 539.219 407.997 0.863332 
50 551.046 390.915 0.901957 
51 568.128 384.345 0.840637 
52 582.583 388.287 0.95397 
53 595.724 385.659 0.874727 
54 615.434 393.543 0.876864 
55 635.145 409.312 0.942633 
56 615.434 421.138 0.912404 
57 597.038 429.022 0.869492 
58 582.583 430.336 0.913268 
59 566.814 427.708 0.824359 
60 551.046 421.138 0.916801 
61 544.475 407.997 0.847774 
62 566.814 401.427 0.848875 
63 582.583 401.427 0.91183 
64 595.724 401.427 0.864028 
65 625.947 409.312 0.919505 
66 595.724 402.741 0.840802 
67 582.583 404.055 0.876495 
68 568.128 402.741 0.819662 
69 532.649 272.65 0.790448 
70 645.658 273.964 0.867985 
