1 471.055 293.011 0.88383 
2 471.055 325.209 0.829793 
3 477.495 358.695 0.756659 
4 481.359 390.893 0.804028 
5 491.662 420.515 0.753613 
6 507.117 447.562 0.755016 
7 525.148 473.32 0.740562 
8 550.906 493.927 0.780321 
9 583.104 497.791 0.825658 
10 615.302 493.927 0.820437 
11 644.925 475.896 0.901817 
12 666.819 454.001 0.820892 
13 686.138 425.667 0.846386 
14 697.729 394.757 0.866345 
15 705.457 362.559 0.83618 
16 706.745 330.361 0.861536 
17 709.321 296.875 0.765399 
18 481.359 262.101 0.900907 
19 492.95 247.934 0.869118 
20 513.557 240.206 0.897234 
21 534.163 245.358 0.85022 
22 553.482 251.797 0.870117 
23 595.984 251.797 0.859489 
24 620.454 242.782 0.843362 
25 644.925 238.918 0.934506 
26 669.395 246.646 0.812333 
27 687.426 263.389 0.869639 
28 574.089 274.98 0.90561 
29 574.089 291.723 0.959512 
30 572.801 311.042 0.935985 
31 572.801 330.361 0.830202 
32 552.194 353.543 0.938353 
33 562.498 358.695 0.903117 
34 572.801 361.271 0.947232 
35 584.392 358.695 0.886684 
36 595.984 353.543 0.872595 
37 501.965 281.42 0.958527 
38 513.557 271.116 0.927439 
39 532.875 271.116 0.932601 
40 548.331 281.42 0.853646 
41 532.875 287.859 0.882462 
42 514.845 289.147 0.877915 
43 612.727 282.707 0.867201 
44 625.606 269.828 0.974257 
45 644.925 271.116 0.957626 
46 657.804 281.42 0.932619 
47 644.925 289.147 0.935092 
48 625.606 287.859 0.906037 
49 531.588 412.788 0.874228 
50 543.179 394.757 0.916596 
51 561.21 385.741 0.869219 
52 574.089 392.181 0.917244 
53 586.968 385.741 0.858125 
54 607.575 394.757 0.856526 
55 626.894 412.788 0.855412 
56 611.439 425.667 0.884703 
57 592.12 433.394 0.879704 
58 574.089 433.394 0.890047 
59 562.498 432.107 0.848521 
60 543.179 425.667 0.884537 
61 539.315 411.5 0.817059 
62 562.498 405.06 0.905156 
63 574.089 405.06 0.962856 
64 589.544 405.06 0.865244 
65 617.878 412.788 0.811875 
66 590.832 406.348 0.843811 
67 574.089 407.636 0.900714 
68 562.498 406.348 0.851469 
69 523.86 277.556 0.782121 
70 634.621 277.556 0.85285 
