1 473.81 293.724 0.876125 
2 473.81 324.609 0.902085 
3 476.384 356.781 0.794017 
4 484.105 388.952 0.811185 
5 494.4 418.55 0.755174 
6 507.269 448.148 0.788701 
7 526.572 472.599 0.7766 
8 552.31 493.189 0.761719 
9 585.768 499.623 0.804371 
10 617.94 494.476 0.816876 
11 648.825 477.747 0.864767 
12 669.415 454.583 0.83137 
13 687.431 426.272 0.836516 
14 699.013 395.387 0.834482 
15 702.874 365.789 0.850599 
16 710.595 333.617 0.894898 
17 711.882 301.445 0.823845 
18 485.392 261.552 0.970246 
19 499.548 249.97 0.851866 
20 518.851 243.536 0.8656 
21 539.441 249.97 0.859141 
22 557.457 255.118 0.873651 
23 598.637 252.544 0.871483 
24 621.801 243.536 0.855184 
25 648.825 240.962 0.933861 
26 671.989 247.396 0.856814 
27 690.005 262.839 0.89332 
28 578.047 278.281 0.900742 
29 576.76 293.724 0.936789 
30 576.76 313.027 0.903983 
31 575.473 329.756 0.798227 
32 554.883 355.494 0.917859 
33 565.178 358.067 0.884568 
34 576.76 361.928 0.897391 
35 588.342 358.067 0.912842 
36 598.637 355.494 0.90656 
37 507.269 284.716 0.897658 
38 522.711 276.995 0.80762 
39 539.441 276.995 0.833156 
40 554.883 288.576 0.853494 
41 538.154 292.437 0.893637 
42 522.711 292.437 0.865661 
43 615.366 288.576 0.845912 
44 629.522 278.281 0.844814 
45 648.825 279.568 0.891107 
46 661.694 287.289 0.91153 
47 648.825 292.437 0.971736 
48 629.522 292.437 0.919412 
49 531.72 413.403 0.814633 
50 545.875 396.674 0.945182 
51 561.318 386.379 0.86885 
52 576.76 390.239 0.893029 
53 588.342 386.379 0.921285 
54 608.932 395.387 0.92833 
55 629.522 413.403 0.857629 
56 611.506 427.559 0.895796 
57 593.489 432.706 0.832243 
58 576.76 435.28 0.896015 
59 563.891 431.419 0.816682 
60 545.875 426.272 0.923248 
61 538.154 410.829 0.842785 
62 562.605 405.682 0.879761 
63 576.76 405.682 0.945169 
64 589.629 405.682 0.888666 
65 619.227 413.403 0.836018 
66 589.629 406.969 0.864953 
67 576.76 408.255 0.899676 
68 562.605 406.969 0.848731 
69 534.293 282.142 0.807957 
70 639.817 283.429 0.849008 
