1 481.988 292.845 0.807737 
2 481.988 324.134 0.835456 
3 485.899 355.422 0.786324 
4 489.81 386.711 0.829115 
5 500.24 416.696 0.811678 
6 515.884 446.681 0.782251 
7 532.832 468.844 0.802409 
8 560.209 488.399 0.81394 
9 591.498 494.917 0.774945 
10 624.091 489.703 0.875875 
11 654.076 472.755 0.806184 
12 676.238 449.288 0.840301 
13 694.49 424.518 0.806199 
14 706.223 394.533 0.8025 
15 711.438 363.244 0.803178 
16 717.956 331.956 0.858555 
17 719.26 298.06 0.76746 
18 495.025 257.645 0.836628 
19 509.365 242.001 0.886854 
20 530.224 239.393 0.926487 
21 551.084 240.697 0.910747 
22 570.639 249.823 0.901184 
23 611.054 248.519 0.857879 
24 634.52 239.393 0.906694 
25 656.683 235.482 0.872591 
26 682.757 239.393 0.868836 
27 698.401 258.949 0.92344 
28 590.194 273.289 0.844222 
29 584.98 290.237 0.88526 
30 583.676 308.489 0.847358 
31 582.372 322.83 0.86014 
32 561.513 352.815 0.901676 
33 571.943 354.118 0.966951 
34 583.676 355.422 0.92506 
35 595.409 354.118 0.919285 
36 609.75 351.511 0.850264 
37 518.491 285.023 0.884312 
38 530.224 278.504 0.904524 
39 548.476 278.504 0.846433 
40 562.817 287.63 0.866332 
41 548.476 291.541 0.851725 
42 530.224 291.541 0.937136 
43 624.091 288.934 0.886813 
44 637.127 279.808 0.931929 
45 655.379 279.808 0.972232 
46 668.416 288.934 0.904197 
47 655.379 291.541 0.950024 
48 635.824 291.541 0.941992 
49 540.654 406.266 0.915131 
50 552.387 393.229 0.928297 
51 571.943 384.103 0.935895 
52 583.676 385.407 0.92943 
53 599.32 384.103 0.881385 
54 620.179 393.229 0.82396 
55 637.127 407.57 0.858588 
56 621.483 419.303 0.840502 
57 603.231 425.822 0.924108 
58 583.676 427.125 0.915818 
59 571.943 425.822 0.926525 
60 553.691 419.303 0.827435 
61 549.78 406.266 0.893607 
62 571.943 403.659 0.889144 
63 583.676 403.659 0.938055 
64 601.928 403.659 0.843446 
65 629.305 406.266 0.842773 
66 601.928 403.659 0.845279 
67 583.676 404.963 0.948227 
68 571.943 403.659 0.898995 
69 540.654 282.415 0.812139 
70 646.253 282.415 0.920602 
