1 468.658 298.371 0.83009 
2 469.968 329.817 0.821935 
3 473.899 361.262 0.824313 
4 479.14 392.708 0.763478 
5 488.311 421.533 0.726031 
6 505.344 447.737 0.813583 
7 524.998 473.942 0.738455 
8 547.272 493.596 0.810282 
9 578.717 500.147 0.840426 
10 611.473 493.596 0.8105 
11 641.608 477.873 0.883286 
12 665.192 451.668 0.784708 
13 684.846 425.464 0.847987 
14 695.328 394.018 0.836824 
15 703.189 362.573 0.840648 
16 705.81 329.817 0.841837 
17 705.81 294.441 0.787633 
18 476.519 260.375 0.847312 
19 492.242 247.272 0.894573 
20 511.896 244.652 0.825752 
21 532.859 248.583 0.895989 
22 551.202 257.754 0.904495 
23 590.509 253.823 0.819893 
24 615.404 245.962 0.816137 
25 641.608 238.101 0.919313 
26 663.882 247.272 0.897568 
27 683.536 264.305 0.863099 
28 569.546 278.718 0.914781 
29 568.235 291.82 0.872375 
30 566.925 310.163 0.890198 
31 564.305 324.576 0.797418 
32 545.962 353.401 0.881877 
33 556.443 359.952 0.862611 
34 568.235 362.573 0.896176 
35 580.028 359.952 0.867683 
36 591.82 354.711 0.833878 
37 498.793 289.2 0.930684 
38 511.896 278.718 0.927761 
39 528.929 278.718 0.904433 
40 547.272 289.2 0.927057 
41 528.929 293.13 0.838772 
42 513.206 295.751 0.825906 
43 604.922 289.2 0.888174 
44 621.955 278.718 0.978453 
45 641.608 278.718 0.986612 
46 653.4 289.2 0.954176 
47 641.608 295.751 0.889125 
48 621.955 293.13 0.890313 
49 526.308 412.361 0.868729 
50 538.1 395.328 0.93873 
51 556.443 387.467 0.857562 
52 568.235 392.708 0.91142 
53 581.338 386.157 0.858207 
54 602.301 395.328 0.876866 
55 623.265 409.741 0.829367 
56 607.542 425.464 0.862755 
57 587.889 432.015 0.809438 
58 569.546 433.325 0.873641 
59 556.443 430.704 0.827523 
60 538.1 425.464 0.899445 
61 531.549 411.051 0.821025 
62 556.443 405.81 0.888405 
63 568.235 405.81 0.960319 
64 583.958 405.81 0.846442 
65 615.404 409.741 0.779021 
66 583.958 407.12 0.827686 
67 569.546 407.12 0.897742 
68 556.443 407.12 0.837364 
69 522.377 283.959 0.772222 
70 631.126 285.269 0.854438 
