1 467.538 293.835 0.819531 
2 463.589 324.11 0.857559 
3 462.273 355.702 0.797745 
4 467.538 387.293 0.85243 
5 478.069 417.568 0.829739 
6 496.497 445.211 0.715506 
7 513.609 471.537 0.782085 
8 539.936 492.598 0.823621 
9 571.527 500.496 0.781892 
10 604.435 492.598 0.846727 
11 634.71 472.854 0.799838 
12 657.088 450.476 0.851637 
13 678.149 424.15 0.7752 
14 688.679 392.558 0.784439 
15 693.944 362.283 0.760452 
16 699.21 329.375 0.805851 
17 700.526 295.151 0.791151 
18 470.171 260.927 0.842063 
19 482.018 243.815 0.80366 
20 500.446 238.55 0.917401 
21 521.507 242.498 0.898322 
22 541.252 251.713 0.90324 
23 583.374 250.396 0.868149 
24 605.751 239.866 0.906229 
25 630.761 237.233 0.851423 
26 657.088 242.498 0.867499 
27 676.832 260.927 0.85976 
28 560.997 276.723 0.869097 
29 558.364 292.518 0.861097 
30 555.731 312.263 0.878743 
31 553.099 329.375 0.833407 
32 532.038 355.702 0.939028 
33 543.885 358.334 0.852859 
34 559.68 363.599 0.86169 
35 574.16 357.018 0.907339 
36 587.323 354.385 0.880708 
37 489.916 285.937 0.919987 
38 500.446 276.723 0.880269 
39 520.191 276.723 0.870822 
40 533.354 285.937 0.863069 
41 520.191 291.202 0.943778 
42 500.446 291.202 0.963286 
43 595.221 285.937 0.888276 
44 612.333 275.406 0.862648 
45 628.129 275.406 0.877068 
46 645.241 281.988 0.921935 
47 628.129 289.886 0.897283 
48 613.649 289.886 0.893006 
49 510.977 404.405 0.87859 
50 528.089 391.242 0.807809 
51 545.201 385.977 0.863975 
52 562.313 385.977 0.963489 
53 575.476 383.344 0.834234 
54 599.17 387.293 0.843664 
55 622.863 397.824 0.84869 
56 604.435 418.885 0.899899 
57 583.374 428.099 0.895138 
58 563.629 430.731 0.900086 
59 547.833 429.415 0.85673 
60 529.405 422.834 0.829408 
61 520.191 404.405 0.878166 
62 545.201 397.824 0.903984 
63 562.313 396.507 0.948847 
64 578.109 396.507 0.831443 
65 614.965 399.14 0.830845 
66 579.425 408.354 0.852121 
67 563.629 409.67 0.888774 
68 546.517 408.354 0.828839 
69 510.977 281.988 0.881753 
70 618.914 280.672 0.876363 
