1 466.959 298.532 0.81668 
2 466.959 330.089 0.826219 
3 472.219 360.332 0.818086 
4 477.478 390.574 0.784625 
5 487.997 420.816 0.759761 
6 505.091 449.744 0.817465 
7 526.129 473.412 0.777431 
8 548.482 494.45 0.843035 
9 580.04 502.34 0.832789 
10 612.912 493.135 0.814236 
11 643.154 476.042 0.811359 
12 664.193 451.059 0.840246 
13 683.916 423.446 0.785859 
14 694.435 393.204 0.790285 
15 698.38 361.646 0.779206 
16 703.639 330.089 0.793406 
17 704.954 295.902 0.792768 
18 474.849 263.03 0.871938 
19 487.997 249.881 0.890474 
20 507.721 243.306 0.858695 
21 528.759 248.566 0.88758 
22 548.482 255.14 0.896179 
23 589.244 252.511 0.85503 
24 611.597 243.306 0.869739 
25 637.895 239.362 0.887025 
26 662.878 247.251 0.884281 
27 681.286 263.03 0.854347 
28 568.206 277.493 0.859727 
29 566.891 293.272 0.870672 
30 564.261 311.681 0.826344 
31 562.946 326.144 0.800387 
32 545.853 355.072 0.878478 
33 556.372 357.702 0.884808 
34 568.206 360.332 0.891935 
35 580.04 356.387 0.905451 
36 594.503 355.072 0.823365 
37 497.202 289.328 0.886207 
38 510.351 280.123 0.881646 
39 527.444 280.123 0.908421 
40 544.538 288.013 0.840426 
41 527.444 291.957 0.94597 
42 511.665 293.272 0.881012 
43 603.708 286.698 0.857344 
44 620.801 278.808 0.899844 
45 640.525 280.123 0.873414 
46 653.674 286.698 0.932081 
47 640.525 291.957 0.922311 
48 620.801 291.957 0.928156 
49 526.129 408.982 0.91522 
50 537.963 398.463 0.949985 
51 556.372 391.889 0.872272 
52 569.521 397.148 0.927323 
53 581.355 390.574 0.83817 
54 602.393 397.148 0.907598 
55 623.431 407.668 0.891512 
56 605.023 420.816 0.838008 
57 587.929 428.706 0.858336 
58 569.521 430.021 0.920963 
59 557.687 430.021 0.944767 
60 539.278 424.761 0.820076 
61 531.389 408.982 0.850945 
62 557.687 407.668 0.925533 
63 569.521 407.668 0.955187 
64 582.669 407.668 0.859276 
65 615.542 407.668 0.853412 
66 582.669 407.668 0.864302 
67 569.521 407.668 0.946892 
68 557.687 407.668 0.933233 
69 520.87 282.753 0.823736 
70 631.32 282.753 0.885135 
