1 476.483 286.281 0.780729 
2 476.483 320.355 0.761079 
3 481.726 353.12 0.735497 
4 484.347 385.884 0.767109 
5 494.831 416.027 0.738271 
6 506.627 442.239 0.759914 
7 524.974 468.45 0.785215 
8 547.254 489.419 0.821467 
9 578.708 494.661 0.826526 
10 614.093 492.04 0.7856 
11 642.926 473.692 0.814774 
12 670.448 451.413 0.808343 
13 686.175 427.822 0.780279 
14 699.28 396.369 0.781022 
15 705.833 366.225 0.823341 
16 712.386 333.461 0.836565 
17 715.007 300.697 0.792389 
18 484.347 253.516 0.879539 
19 497.453 240.411 0.86935 
20 517.111 232.547 0.873309 
21 538.08 239.1 0.882789 
22 557.739 248.274 0.903156 
23 599.677 245.653 0.828001 
24 624.578 236.479 0.831909 
25 650.789 231.237 0.927451 
26 674.38 240.411 0.880089 
27 692.728 261.38 0.921788 
28 577.397 271.864 0.933888 
29 576.087 287.591 0.862167 
30 572.155 304.629 0.849097 
31 568.223 324.287 0.875623 
32 548.565 347.877 0.880786 
33 559.049 354.43 0.89847 
34 570.844 355.741 0.904241 
35 586.571 354.43 0.87606 
36 598.366 350.499 0.858065 
37 505.316 275.796 0.890494 
38 518.422 264.001 0.852447 
39 536.77 264.001 0.876416 
40 552.496 278.417 0.845495 
41 536.77 282.349 0.927757 
42 518.422 282.349 0.894684 
43 614.093 281.038 0.843141 
44 629.82 265.311 0.891148 
45 650.789 267.933 0.871026 
46 662.584 281.038 0.929411 
47 649.479 283.659 0.923664 
48 629.82 283.659 0.934353 
49 527.596 408.164 0.889293 
50 539.391 389.816 0.826685 
51 557.739 381.952 0.876251 
52 570.844 387.195 0.895689 
53 587.882 383.263 0.874867 
54 608.851 391.126 0.857079 
55 627.199 408.164 0.868005 
56 608.851 419.959 0.935231 
57 589.192 427.822 0.909296 
58 572.155 427.822 0.832317 
59 557.739 426.512 0.887645 
60 542.012 419.959 0.861434 
61 535.459 408.164 0.882556 
62 557.739 398.99 0.930589 
63 570.844 400.3 0.886435 
64 587.882 398.99 0.907751 
65 618.025 408.164 0.879163 
66 587.882 400.3 0.886547 
67 570.844 400.3 0.848653 
68 557.739 400.3 0.893425 
69 528.906 271.864 0.782906 
70 640.305 273.175 0.892589 
