1 480.957 295.708 0.870942 
2 480.957 327.876 0.893724 
3 484.818 360.044 0.790113 
4 491.251 392.212 0.805289 
5 501.545 421.807 0.757541 
6 519.559 451.401 0.802548 
7 537.573 474.562 0.742402 
8 562.021 493.863 0.819178 
9 592.902 501.583 0.842596 
10 626.357 493.863 0.828212 
11 654.665 478.422 0.856631 
12 676.539 452.688 0.821779 
13 695.84 428.24 0.82961 
14 706.134 398.646 0.826709 
15 715.141 367.764 0.81621 
16 717.714 334.309 0.824374 
17 721.574 298.281 0.736254 
18 495.111 262.253 0.811143 
19 510.552 246.812 0.894182 
20 531.14 244.239 0.919418 
21 551.727 246.812 0.928094 
22 571.028 255.819 0.912666 
23 613.49 254.533 0.875199 
24 635.364 245.526 0.924779 
25 658.525 241.666 0.859003 
26 685.546 245.526 0.912195 
27 700.987 263.54 0.855587 
28 591.615 280.267 0.838691 
29 587.755 296.995 0.834312 
30 585.182 316.295 0.8677 
31 585.182 331.736 0.820923 
32 563.308 358.757 0.933832 
33 573.601 360.044 0.929911 
34 585.182 365.191 0.875602 
35 600.623 360.044 0.863773 
36 613.49 358.757 0.900702 
37 519.559 294.421 0.892288 
38 531.14 286.701 0.959995 
39 549.154 286.701 0.905075 
40 563.308 294.421 0.882786 
41 549.154 296.995 0.889368 
42 531.14 296.995 0.9521 
43 625.07 294.421 0.904846 
44 644.371 286.701 0.929006 
45 659.812 286.701 0.884633 
46 675.252 295.708 0.970978 
47 659.812 298.281 0.871626 
48 643.084 296.995 0.901226 
49 541.433 416.66 0.870616 
50 554.301 399.932 0.919769 
51 572.315 390.925 0.938102 
52 585.182 396.072 0.870564 
53 603.196 390.925 0.912665 
54 623.784 399.932 0.912287 
55 643.084 417.946 0.868319 
56 623.784 430.814 0.946809 
57 604.483 438.534 0.908165 
58 587.755 438.534 0.835536 
59 573.601 437.247 0.897696 
60 555.587 430.814 0.85842 
61 550.44 414.086 0.83002 
62 573.601 410.226 0.954628 
63 586.469 410.226 0.915419 
64 603.196 410.226 0.921972 
65 634.077 416.66 0.861078 
66 603.196 410.226 0.911299 
67 586.469 410.226 0.877873 
68 573.601 410.226 0.943621 
69 541.433 290.561 0.835955 
70 652.091 293.134 0.781461 
