1 474.161 292.532 0.827741 
2 475.465 323.828 0.836619 
3 476.769 356.428 0.788536 
4 480.681 387.724 0.733868 
5 489.809 417.716 0.735844 
6 506.761 447.708 0.780301 
7 522.409 471.181 0.752914 
8 548.489 492.045 0.778207 
9 578.481 499.869 0.785358 
10 613.689 493.349 0.812419 
11 643.681 479.005 0.865186 
12 665.85 455.532 0.802432 
13 685.41 426.844 0.853457 
14 697.146 395.548 0.859254 
15 706.274 364.252 0.872751 
16 707.578 331.652 0.852828 
17 710.186 295.14 0.76129 
18 479.377 259.931 0.888634 
19 495.025 246.891 0.815885 
20 513.281 240.371 0.861545 
21 534.145 245.587 0.830473 
22 552.401 252.107 0.858971 
23 592.825 252.107 0.87335 
24 617.601 244.283 0.841088 
25 643.681 239.067 0.949304 
26 668.458 245.587 0.844084 
27 686.714 261.235 0.906001 
28 571.961 275.579 0.914125 
29 570.657 292.532 0.950738 
30 569.353 312.092 0.882489 
31 565.441 326.436 0.801958 
32 547.185 355.124 0.897185 
33 557.617 357.732 0.858399 
34 570.657 361.644 0.881068 
35 582.393 357.732 0.902817 
36 592.825 355.124 0.892583 
37 498.937 284.708 0.907223 
38 510.673 272.971 0.894036 
39 530.233 272.971 0.8851 
40 545.881 283.404 0.823475 
41 530.233 291.228 0.894899 
42 510.673 291.228 0.931417 
43 605.865 289.924 0.867795 
44 622.817 274.275 0.892111 
45 642.377 274.275 0.835082 
46 655.417 283.404 0.908643 
47 643.681 292.532 0.926516 
48 622.817 292.532 0.970498 
49 527.625 412.5 0.83338 
50 539.361 395.548 0.960606 
51 555.009 386.42 0.877415 
52 570.657 389.028 0.88757 
53 582.393 386.42 0.939185 
54 603.257 395.548 0.932729 
55 624.121 415.108 0.872307 
56 604.561 426.844 0.910229 
57 585.001 432.06 0.839877 
58 570.657 433.364 0.883715 
59 555.009 430.756 0.821812 
60 539.361 426.844 0.921807 
61 532.841 409.892 0.833883 
62 555.009 405.98 0.88864 
63 570.657 405.98 0.930885 
64 582.393 405.98 0.903617 
65 613.689 412.5 0.848765 
66 583.697 407.284 0.885845 
67 570.657 407.284 0.896886 
68 556.313 407.284 0.872578 
69 519.801 280.796 0.819704 
70 630.641 280.796 0.792992 
