1 474.718 294.814 0.794199 
2 474.718 327.254 0.780176 
3 478.611 359.695 0.768294 
4 482.504 390.838 0.757504 
5 491.587 419.386 0.734531 
6 508.456 447.934 0.760101 
7 524.028 471.291 0.752481 
8 548.683 492.053 0.749328 
9 579.826 499.839 0.780586 
10 614.862 494.648 0.805175 
11 646.005 477.779 0.854183 
12 668.065 454.422 0.816417 
13 687.529 425.874 0.846951 
14 697.91 394.731 0.845174 
15 706.993 362.29 0.820488 
16 708.291 327.254 0.825646 
17 709.589 292.218 0.809339 
18 481.206 261.075 0.923696 
19 495.48 248.099 0.81878 
20 514.945 240.313 0.8601 
21 535.707 246.801 0.833063 
22 555.171 254.587 0.834239 
23 595.397 251.992 0.854588 
24 618.755 244.206 0.836179 
25 646.005 239.016 0.940776 
26 669.362 244.206 0.863976 
27 688.827 261.075 0.931345 
28 574.635 276.647 0.900823 
29 573.338 292.218 0.915679 
30 570.742 311.683 0.885068 
31 568.147 327.254 0.787953 
32 549.98 354.505 0.890271 
33 560.361 358.397 0.848683 
34 572.04 362.29 0.874525 
35 583.719 359.695 0.878697 
36 595.397 354.505 0.875201 
37 501.968 285.73 0.912621 
38 512.349 274.052 0.892844 
39 531.814 274.052 0.853787 
40 546.088 284.433 0.807105 
41 531.814 290.921 0.890533 
42 512.349 292.218 0.934304 
43 608.374 289.623 0.872484 
44 625.243 275.349 0.878318 
45 644.707 274.052 0.825709 
46 657.684 283.135 0.918451 
47 644.707 292.218 0.914777 
48 625.243 292.218 0.967587 
49 529.218 414.195 0.828673 
50 542.195 396.029 0.924761 
51 556.469 385.648 0.878603 
52 573.338 389.54 0.877135 
53 585.016 385.648 0.916047 
54 605.778 396.029 0.917805 
55 626.54 414.195 0.875368 
56 607.076 427.172 0.905894 
57 587.612 432.362 0.834555 
58 573.338 433.66 0.88791 
59 557.766 431.065 0.814868 
60 542.195 425.874 0.918202 
61 534.409 411.6 0.83089 
62 556.469 406.41 0.888146 
63 573.338 406.41 0.929386 
64 586.314 406.41 0.895854 
65 616.159 414.195 0.836104 
66 586.314 406.41 0.878461 
67 573.338 406.41 0.887043 
68 557.766 406.41 0.861935 
69 522.73 280.54 0.824301 
70 633.029 281.837 0.792944 
