1 475.874 288.757 0.795591 
2 475.874 320.978 0.84326 
3 478.451 351.91 0.739634 
4 486.184 385.42 0.771754 
5 496.495 416.352 0.731873 
6 509.383 444.706 0.793107 
7 528.716 469.194 0.774606 
8 551.915 489.815 0.755458 
9 584.136 496.26 0.790183 
10 620.223 492.393 0.805644 
11 648.577 474.349 0.82514 
12 671.776 453.728 0.853356 
13 688.531 424.085 0.816655 
14 701.42 393.153 0.819569 
15 705.286 362.221 0.84418 
16 711.73 331.289 0.871136 
17 713.019 299.068 0.820675 
18 486.184 259.114 0.936846 
19 497.784 243.648 0.845059 
20 518.405 238.493 0.921366 
21 539.027 242.359 0.871972 
22 559.648 250.092 0.892873 
23 600.891 248.804 0.889135 
24 624.09 238.493 0.865335 
25 651.155 235.915 0.886988 
26 674.354 241.071 0.836212 
27 692.398 260.403 0.898224 
28 580.269 273.291 0.913527 
29 578.98 290.046 0.912764 
30 576.403 309.379 0.878053 
31 573.825 326.134 0.779936 
32 550.626 351.91 0.913129 
33 562.226 353.199 0.863885 
34 576.403 358.354 0.853833 
35 589.291 354.488 0.897321 
36 599.602 351.91 0.908914 
37 506.806 279.736 0.955903 
38 518.405 269.425 0.926317 
39 539.027 270.714 0.902839 
40 551.915 284.891 0.801483 
41 537.738 288.757 0.918362 
42 518.405 288.757 0.949148 
43 613.779 284.891 0.823147 
44 630.534 269.425 0.928999 
45 651.155 270.714 0.923424 
46 662.755 282.313 0.936908 
47 651.155 290.046 0.968603 
48 630.534 288.757 0.93655 
49 532.582 411.197 0.827257 
50 546.76 393.153 0.902409 
51 560.937 382.842 0.896195 
52 577.692 387.998 0.85416 
53 590.58 382.842 0.938178 
54 611.201 393.153 0.935349 
55 630.534 411.197 0.890069 
56 611.201 424.085 0.933231 
57 591.869 429.24 0.853968 
58 578.98 430.529 0.867225 
59 562.226 427.951 0.82539 
60 548.048 422.796 0.919533 
61 539.027 408.619 0.856626 
62 560.937 403.464 0.910315 
63 577.692 403.464 0.906623 
64 590.58 403.464 0.911722 
65 621.512 409.908 0.864715 
66 590.58 403.464 0.899607 
67 577.692 403.464 0.869836 
68 562.226 403.464 0.886341 
69 530.005 278.447 0.823488 
70 640.844 278.447 0.863894 
