1 474.318 290.56 0.796881 
2 473.02 323.017 0.810385 
3 475.616 354.175 0.759415 
4 479.511 385.334 0.729414 
5 488.599 416.492 0.750765 
6 505.477 446.353 0.746391 
7 521.056 469.722 0.772595 
8 543.127 491.792 0.75967 
9 574.285 499.582 0.792876 
10 610.637 495.687 0.785705 
11 641.796 477.511 0.823061 
12 665.165 456.739 0.840051 
13 684.639 426.879 0.835495 
14 696.323 395.72 0.850708 
15 705.411 364.561 0.865292 
16 706.71 332.104 0.87403 
17 709.306 297.051 0.73638 
18 478.213 259.401 0.909879 
19 492.494 247.717 0.814523 
20 510.67 239.927 0.881492 
21 531.442 245.12 0.856281 
22 550.917 251.611 0.904017 
23 592.461 251.611 0.861027 
24 614.532 245.12 0.849507 
25 643.094 238.629 0.924817 
26 666.463 245.12 0.853125 
27 685.937 260.699 0.901025 
28 570.391 276.279 0.912393 
29 569.092 291.858 0.880684 
30 563.899 311.332 0.88243 
31 561.303 328.21 0.809868 
32 543.127 354.175 0.89736 
33 553.513 356.772 0.850753 
34 565.198 361.965 0.836783 
35 580.777 356.772 0.865152 
36 592.461 354.175 0.901178 
37 498.985 284.068 0.914008 
38 509.372 273.682 0.894184 
39 528.846 272.384 0.858404 
40 543.127 284.068 0.817788 
41 528.846 290.56 0.879567 
42 509.372 290.56 0.947548 
43 604.146 289.261 0.893516 
44 619.725 273.682 0.849522 
45 639.199 273.682 0.811419 
46 654.779 282.77 0.916085 
47 641.796 291.858 0.897244 
48 622.322 291.858 0.947575 
49 522.354 413.896 0.833847 
50 535.337 395.72 0.885928 
51 550.917 385.334 0.941021 
52 565.198 389.229 0.835506 
53 580.777 385.334 0.949036 
54 601.549 395.72 0.925242 
55 622.322 413.896 0.888265 
56 602.848 426.879 0.943334 
57 582.075 433.37 0.867962 
58 567.794 433.37 0.815706 
59 550.917 430.773 0.861768 
60 537.934 425.58 0.892958 
61 530.144 411.299 0.850313 
62 550.917 404.808 0.938167 
63 565.198 404.808 0.882161 
64 580.777 404.808 0.905944 
65 611.935 412.598 0.851324 
66 580.777 406.106 0.894976 
67 565.198 406.106 0.847425 
68 550.917 406.106 0.912272 
69 519.758 280.173 0.821151 
70 627.515 280.173 0.772348 
