1 466.493 295.934 0.799783 
2 465.165 326.463 0.828544 
3 469.147 356.991 0.798832 
4 473.129 387.519 0.822043 
5 483.748 419.375 0.831198 
6 502.33 448.576 0.755952 
7 520.913 472.468 0.782747 
8 546.132 493.705 0.866212 
9 576.66 499.014 0.77595 
10 609.843 492.378 0.86352 
11 637.716 472.468 0.816062 
12 661.608 449.903 0.853235 
13 678.863 422.03 0.755091 
14 692.137 392.829 0.75592 
15 697.446 362.3 0.800885 
16 702.755 329.117 0.781739 
17 704.082 294.607 0.774507 
18 474.456 261.424 0.832228 
19 486.402 248.151 0.886967 
20 506.312 241.514 0.854336 
21 527.549 246.824 0.886895 
22 547.459 256.115 0.900665 
23 588.606 252.133 0.826913 
24 611.17 241.514 0.870834 
25 635.062 237.533 0.886442 
26 662.936 246.824 0.883966 
27 678.863 261.424 0.838214 
28 566.041 277.352 0.865993 
29 564.714 293.28 0.8424 
30 562.059 311.862 0.857211 
31 560.732 326.463 0.791933 
32 540.822 354.336 0.876306 
33 554.095 356.991 0.841783 
34 567.369 362.3 0.853485 
35 579.315 356.991 0.913578 
36 592.588 354.336 0.883456 
37 497.021 287.971 0.886584 
38 508.967 280.007 0.887867 
39 526.222 280.007 0.936391 
40 542.15 287.971 0.840326 
41 526.222 291.953 0.954972 
42 510.294 291.953 0.883967 
43 601.879 286.643 0.865045 
44 620.461 278.679 0.931886 
45 637.716 280.007 0.88624 
46 652.317 285.316 0.93619 
47 637.716 290.625 0.890526 
48 620.461 290.625 0.918505 
49 516.931 407.429 0.913486 
50 534.186 394.156 0.833349 
51 554.095 384.865 0.864031 
52 568.696 386.192 0.975838 
53 581.969 383.537 0.806844 
54 607.188 387.519 0.864384 
55 628.425 400.793 0.815281 
56 609.843 426.012 0.850478 
57 588.606 437.957 0.887581 
58 568.696 439.285 0.910913 
59 555.423 439.285 0.893543 
60 535.513 428.666 0.905706 
61 526.222 407.429 0.91851 
62 554.095 398.138 0.873987 
63 568.696 398.138 0.943485 
64 585.951 396.811 0.823134 
65 620.461 403.447 0.816128 
66 587.278 415.393 0.798011 
67 568.696 418.048 0.909337 
68 555.423 418.048 0.83041 
69 519.585 281.334 0.823988 
70 629.753 281.334 0.851928 
