1 480.387 294.975 0.835039 
2 480.387 327.038 0.871813 
3 482.952 359.101 0.776708 
4 490.647 392.446 0.790828 
5 500.907 421.943 0.751479 
6 518.862 450.158 0.793769 
7 536.817 475.808 0.738955 
8 561.185 495.046 0.802437 
9 591.965 500.176 0.840054 
10 625.31 493.763 0.806595 
11 653.525 478.373 0.876083 
12 676.61 452.723 0.811134 
13 694.565 428.356 0.845404 
14 706.108 397.576 0.828979 
15 713.803 365.513 0.811599 
16 716.368 332.168 0.808489 
17 721.498 296.258 0.74742 
18 491.929 262.913 0.846269 
19 509.884 246.24 0.860001 
20 530.405 243.675 0.90329 
21 550.925 247.523 0.903781 
22 571.445 255.218 0.895732 
23 612.485 255.218 0.885253 
24 634.287 244.958 0.924141 
25 657.372 239.828 0.853294 
26 683.022 243.675 0.902543 
27 697.13 261.63 0.841156 
28 589.4 279.585 0.82397 
29 585.552 296.258 0.84734 
30 582.987 315.496 0.900882 
31 582.987 332.168 0.847061 
32 562.467 357.818 0.939235 
33 572.727 360.383 0.913703 
34 584.27 364.231 0.885818 
35 598.377 360.383 0.83896 
36 611.202 357.818 0.889693 
37 512.45 293.693 0.922284 
38 527.84 285.998 0.90152 
39 543.23 285.998 0.919859 
40 561.185 292.41 0.853591 
41 543.23 294.975 0.877072 
42 527.84 296.258 0.883474 
43 624.027 294.975 0.926727 
44 641.982 287.28 0.903653 
45 654.807 287.28 0.908897 
46 672.762 293.693 0.901393 
47 654.807 296.258 0.920694 
48 640.7 296.258 0.913497 
49 540.665 415.531 0.872515 
50 553.49 398.858 0.926695 
51 571.445 389.881 0.944227 
52 584.27 395.011 0.876398 
53 600.942 389.881 0.908879 
54 621.462 398.858 0.902085 
55 639.417 415.531 0.826532 
56 622.745 429.638 0.956952 
57 602.225 436.051 0.895356 
58 586.835 437.333 0.824968 
59 572.727 434.768 0.877749 
60 554.772 428.356 0.852721 
61 549.642 412.966 0.823689 
62 571.445 409.118 0.953033 
63 584.27 409.118 0.924212 
64 602.225 409.118 0.928382 
65 631.722 415.531 0.83111 
66 602.225 409.118 0.920746 
67 584.27 409.118 0.884107 
68 571.445 409.118 0.947589 
69 535.535 289.845 0.771751 
70 647.112 293.693 0.822713 
