1 465.135 298.028 0.833829 
2 461.274 326.34 0.808581 
3 459.987 357.226 0.756574 
4 465.135 388.111 0.826884 
5 476.717 416.423 0.799406 
6 494.734 446.022 0.76448 
7 512.751 471.76 0.723497 
8 537.202 494.925 0.839107 
9 568.088 498.785 0.815087 
10 601.547 492.351 0.792041 
11 631.146 475.621 0.841527 
12 655.597 449.883 0.768231 
13 673.614 424.145 0.796598 
14 686.483 391.972 0.785015 
15 692.917 359.8 0.822362 
16 696.778 327.627 0.7542 
17 699.352 292.88 0.74723 
18 467.709 260.708 0.817054 
19 479.291 245.265 0.79669 
20 497.308 238.83 0.897345 
21 517.898 242.691 0.886872 
22 537.202 251.699 0.912144 
23 579.67 250.413 0.871487 
24 601.547 240.117 0.877561 
25 629.859 237.543 0.885661 
26 653.023 242.691 0.842591 
27 672.327 260.708 0.918436 
28 557.792 277.438 0.883277 
29 556.505 292.88 0.865784 
30 552.645 310.897 0.892623 
31 550.071 330.201 0.849663 
32 528.193 353.365 0.898753 
33 539.776 361.086 0.87945 
34 557.792 363.66 0.927582 
35 570.661 359.8 0.840481 
36 587.391 353.365 0.887776 
37 487.012 289.02 0.934081 
38 497.308 277.438 0.900927 
39 516.611 277.438 0.873795 
40 530.767 286.446 0.851741 
41 516.611 290.307 0.959382 
42 497.308 291.594 0.948584 
43 592.539 287.733 0.849741 
44 609.269 276.151 0.904742 
45 627.285 274.864 0.83253 
46 641.441 281.298 0.93892 
47 628.572 290.307 0.893163 
48 609.269 290.307 0.948788 
49 507.603 402.267 0.913617 
50 524.333 391.972 0.855031 
51 542.349 382.964 0.877488 
52 557.792 384.251 0.95351 
53 573.235 382.964 0.848196 
54 598.973 385.538 0.880214 
55 620.851 395.833 0.893101 
56 600.26 417.71 0.838959 
57 578.383 428.006 0.84942 
58 559.079 433.153 0.883424 
59 546.21 431.866 0.864511 
60 526.907 424.145 0.887761 
61 516.611 403.554 0.903642 
62 542.349 394.546 0.855056 
63 559.079 394.546 0.951981 
64 575.809 394.546 0.85495 
65 611.842 397.12 0.816364 
66 577.096 407.415 0.795629 
67 559.079 411.276 0.88704 
68 544.923 411.276 0.790238 
69 507.603 281.298 0.860091 
70 618.277 280.011 0.865574 
