1 463.151 298.254 0.825881 
2 461.852 325.531 0.814795 
3 460.553 355.406 0.765355 
4 464.45 386.58 0.848774 
5 474.841 416.455 0.830864 
6 494.325 446.33 0.778347 
7 511.211 469.71 0.750105 
8 535.89 493.09 0.80657 
9 567.064 499.585 0.830749 
10 599.536 491.791 0.809073 
11 630.71 476.205 0.830519 
12 654.091 448.927 0.798453 
13 673.574 424.248 0.793668 
14 685.264 391.776 0.774256 
15 691.759 360.602 0.815747 
16 694.357 326.83 0.776023 
17 698.254 293.058 0.743005 
18 467.048 261.885 0.762836 
19 477.439 247.597 0.818293 
20 495.624 239.803 0.911348 
21 516.406 244.999 0.884733 
22 535.89 252.792 0.893365 
23 578.754 251.493 0.859742 
24 600.835 241.102 0.871373 
25 628.112 238.504 0.90748 
26 651.493 244.999 0.86674 
27 670.977 260.586 0.903919 
28 556.673 278.77 0.895664 
29 554.075 294.357 0.861089 
30 551.477 311.243 0.904011 
31 548.879 330.727 0.865382 
32 526.798 354.107 0.922282 
33 538.488 360.602 0.858511 
34 555.374 363.2 0.914946 
35 569.662 358.004 0.84454 
36 586.547 354.107 0.888534 
37 485.233 289.162 0.945623 
38 495.624 278.77 0.92241 
39 515.107 278.77 0.880932 
40 528.097 286.564 0.852469 
41 515.107 290.461 0.955588 
42 495.624 291.76 0.946337 
43 591.743 289.162 0.860531 
44 608.629 277.472 0.902994 
45 624.216 276.173 0.834063 
46 639.803 282.667 0.935284 
47 626.814 290.461 0.879368 
48 608.629 290.461 0.950472 
49 506.015 398.27 0.915979 
50 522.901 389.178 0.823992 
51 541.086 383.982 0.878339 
52 556.673 385.281 0.970371 
53 572.259 382.683 0.833036 
54 598.238 385.281 0.887314 
55 620.319 395.672 0.908566 
56 599.536 416.455 0.888161 
57 577.455 426.846 0.897094 
58 557.971 429.444 0.869751 
59 544.982 428.145 0.883885 
60 525.499 422.949 0.851467 
61 515.107 399.569 0.846297 
62 541.086 395.672 0.887797 
63 557.971 395.672 0.962867 
64 574.857 394.373 0.834406 
65 609.928 396.971 0.86553 
66 576.156 406.064 0.82876 
67 557.971 408.661 0.86449 
68 543.683 408.661 0.795351 
69 506.015 281.368 0.864263 
70 616.422 281.368 0.851718 
