1 485.575 291.646 0.796669 
2 484.267 323.032 0.788788 
3 486.883 354.418 0.792547 
4 489.498 387.112 0.810902 
5 498.653 417.19 0.762547 
6 511.73 443.345 0.777384 
7 531.346 469.501 0.79858 
8 552.27 489.117 0.797918 
9 584.964 494.348 0.824809 
10 621.581 491.732 0.780847 
11 647.736 473.424 0.840051 
12 675.199 452.5 0.831935 
13 692.2 425.037 0.76129 
14 705.277 394.959 0.75373 
15 710.508 363.573 0.766838 
16 718.355 329.571 0.820247 
17 720.97 296.877 0.788854 
18 492.114 253.722 0.87656 
19 507.807 239.336 0.858717 
20 528.731 232.798 0.882399 
21 549.655 236.721 0.867221 
22 567.963 244.567 0.843938 
23 608.504 244.567 0.813544 
24 634.659 235.413 0.865126 
25 658.198 232.798 0.923882 
26 684.353 241.952 0.888697 
27 698.738 262.876 0.887249 
28 586.272 270.722 0.874164 
29 583.656 287.723 0.887619 
30 582.349 306.032 0.976344 
31 582.349 325.648 0.895133 
32 561.425 349.187 0.903756 
33 571.887 355.726 0.923069 
34 582.349 358.342 0.977887 
35 594.118 357.034 0.936656 
36 607.196 353.111 0.826682 
37 513.038 277.261 0.859078 
38 526.115 265.491 0.857338 
39 543.116 265.491 0.843826 
40 561.425 279.877 0.870708 
41 543.116 283.8 0.888989 
42 527.423 285.108 0.886803 
43 622.889 281.184 0.873504 
44 635.966 265.491 0.923674 
45 656.89 269.415 0.869369 
46 669.968 282.492 0.884766 
47 655.583 285.108 0.929949 
48 635.966 285.108 0.956742 
49 539.193 408.036 0.845489 
50 550.963 391.035 0.917484 
51 567.963 384.497 0.83978 
52 582.349 388.42 0.951923 
53 595.426 385.804 0.863048 
54 615.042 392.343 0.871288 
55 635.966 409.344 0.93949 
56 616.35 421.114 0.924243 
57 596.734 428.96 0.851097 
58 582.349 428.96 0.900517 
59 566.656 426.345 0.818581 
60 550.963 419.806 0.917365 
61 544.424 406.728 0.834838 
62 566.656 400.19 0.863152 
63 582.349 401.497 0.925239 
64 595.426 401.497 0.862912 
65 625.504 409.344 0.914599 
66 595.426 401.497 0.840932 
67 582.349 402.805 0.886311 
68 567.963 401.497 0.845112 
69 535.27 273.338 0.774025 
70 645.121 274.646 0.890968 
