1 472.972 294.344 0.822351 
2 472.972 325.867 0.790216 
3 475.599 357.39 0.785736 
4 479.539 387.599 0.735312 
5 488.734 416.495 0.736068 
6 505.808 446.704 0.798802 
7 522.883 469.033 0.753566 
8 547.839 488.735 0.816709 
9 579.362 496.616 0.802358 
10 613.512 490.048 0.84946 
11 643.721 475.6 0.846198 
12 666.05 450.645 0.817816 
13 684.438 424.376 0.844387 
14 696.259 394.166 0.86365 
15 702.826 362.644 0.831658 
16 706.767 331.121 0.89795 
17 708.08 298.284 0.837722 
18 479.539 257.567 0.871709 
19 495.301 245.746 0.887266 
20 515.003 239.179 0.830978 
21 534.704 244.433 0.861112 
22 551.779 251 0.856007 
23 592.496 249.687 0.867804 
24 614.825 241.806 0.857008 
25 642.407 236.552 0.906143 
26 666.05 243.119 0.885362 
27 685.751 258.881 0.876645 
28 571.481 273.329 0.910465 
29 570.168 289.09 0.969087 
30 570.168 307.479 0.872928 
31 568.854 321.927 0.851021 
32 549.152 350.822 0.928639 
33 559.66 352.136 0.92671 
34 570.168 356.076 0.907559 
35 581.989 352.136 0.957707 
36 593.81 350.822 0.912564 
37 497.928 282.523 0.888093 
38 509.749 270.702 0.889672 
39 529.451 269.388 0.901932 
40 546.525 281.21 0.836352 
41 529.451 287.777 0.918437 
42 511.062 289.09 0.921609 
43 609.571 286.463 0.84076 
44 622.706 269.388 0.928315 
45 642.407 269.388 0.877747 
46 655.542 279.896 0.950796 
47 643.721 287.777 0.951479 
48 622.706 289.09 0.963954 
49 528.137 408.614 0.869992 
50 538.645 392.853 0.97733 
51 557.033 382.345 0.885724 
52 570.168 384.972 0.943322 
53 583.302 382.345 0.926334 
54 604.317 392.853 0.879803 
55 624.019 408.614 0.851253 
56 606.944 423.062 0.847732 
57 588.556 427.003 0.846862 
58 571.481 428.316 0.889462 
59 558.347 427.003 0.87804 
60 539.958 423.062 0.881393 
61 534.704 405.987 0.838754 
62 557.033 403.361 0.895804 
63 570.168 403.361 0.95577 
64 584.616 403.361 0.86747 
65 614.825 407.301 0.833727 
66 584.616 403.361 0.873423 
67 570.168 403.361 0.94349 
68 558.347 403.361 0.910273 
69 520.256 277.269 0.834231 
70 631.9 277.269 0.842785 
