1 469.683 299.51 0.843452 
2 468.378 330.818 0.857035 
3 474.9 362.126 0.838653 
4 478.814 392.129 0.781918 
5 489.25 422.132 0.73238 
6 506.208 448.222 0.802879 
7 524.471 473.007 0.732402 
8 547.952 493.879 0.809761 
9 579.26 499.097 0.839441 
10 611.872 493.879 0.804724 
11 641.875 476.921 0.887756 
12 664.051 452.135 0.790689 
13 683.619 424.741 0.849627 
14 695.359 393.433 0.844588 
15 703.186 362.126 0.842107 
16 704.49 329.513 0.851641 
17 705.795 295.597 0.798689 
18 477.509 262.985 0.831929 
19 491.859 248.635 0.887078 
20 510.122 246.026 0.84429 
21 530.993 248.635 0.903583 
22 549.256 257.767 0.943482 
23 591 256.462 0.828624 
24 614.481 246.026 0.821954 
25 641.875 239.504 0.892722 
26 665.356 248.635 0.88652 
27 684.923 268.202 0.926682 
28 570.128 278.638 0.929153 
29 568.824 292.988 0.869853 
30 568.824 309.946 0.926561 
31 567.519 328.209 0.800232 
32 546.647 354.299 0.890189 
33 558.388 359.517 0.890595 
34 568.824 362.126 0.933962 
35 580.564 360.821 0.877401 
36 592.304 354.299 0.833435 
37 499.686 289.074 0.909166 
38 514.035 278.638 0.909338 
39 530.993 278.638 0.891077 
40 547.952 289.074 0.935369 
41 529.689 292.988 0.849784 
42 515.34 294.292 0.826434 
43 606.654 289.074 0.880489 
44 622.308 278.638 0.927657 
45 641.875 278.638 0.983319 
46 654.92 289.074 0.947142 
47 641.875 292.988 0.924191 
48 622.308 291.683 0.905902 
49 525.776 410.392 0.85196 
50 538.82 394.738 0.918479 
51 557.083 388.215 0.84766 
52 568.824 393.433 0.9298 
53 581.869 386.911 0.826238 
54 604.045 394.738 0.853927 
55 624.917 406.478 0.824113 
56 609.263 424.741 0.872557 
57 588.391 431.264 0.818498 
58 570.128 432.568 0.874164 
59 557.083 429.959 0.844854 
60 538.82 424.741 0.900284 
61 530.993 410.392 0.819791 
62 557.083 403.869 0.902345 
63 570.128 405.174 0.973105 
64 584.477 403.869 0.849063 
65 617.09 407.783 0.782994 
66 585.782 406.478 0.808881 
67 570.128 409.087 0.880151 
68 557.083 407.783 0.81989 
69 524.471 283.856 0.780093 
70 632.744 282.552 0.851784 
