1 481.619 295.665 0.860175 
2 481.619 328.01 0.905411 
3 485.5 359.061 0.801652 
4 491.969 391.406 0.81716 
5 502.319 422.457 0.777525 
6 520.432 452.214 0.793679 
7 537.252 474.209 0.755549 
8 563.128 494.909 0.82508 
9 594.179 502.672 0.834403 
10 626.523 494.909 0.842014 
11 656.281 478.09 0.838118 
12 678.275 453.508 0.833481 
13 696.388 428.926 0.818197 
14 708.033 399.169 0.81184 
15 715.795 368.118 0.792332 
16 719.677 334.479 0.823247 
17 722.264 298.253 0.74666 
18 498.438 259.439 0.812838 
19 512.67 246.501 0.885868 
20 533.37 243.914 0.91866 
21 554.071 247.795 0.899245 
22 573.478 255.558 0.918014 
23 614.879 255.558 0.893467 
24 636.874 245.207 0.918922 
25 660.162 240.032 0.847399 
26 687.332 245.207 0.909942 
27 701.564 263.32 0.843161 
28 592.885 281.434 0.844991 
29 589.003 296.959 0.831844 
30 586.416 316.366 0.880943 
31 585.122 331.891 0.828535 
32 564.421 359.061 0.932141 
33 574.772 361.649 0.919084 
34 586.416 366.824 0.896136 
35 601.941 361.649 0.845711 
36 614.879 359.061 0.896798 
37 520.432 293.078 0.882484 
38 533.37 286.609 0.947647 
39 551.483 286.609 0.906915 
40 564.421 294.371 0.868167 
41 551.483 296.959 0.888035 
42 532.077 296.959 0.946353 
43 626.523 294.371 0.903801 
44 644.637 286.609 0.915308 
45 660.162 286.609 0.888254 
46 676.981 294.371 0.949986 
47 660.162 298.253 0.885083 
48 644.637 296.959 0.902713 
49 542.427 415.988 0.870221 
50 554.071 400.463 0.9433 
51 573.478 390.112 0.951021 
52 586.416 396.581 0.872852 
53 603.235 391.406 0.903213 
54 623.936 400.463 0.893945 
55 643.343 417.282 0.833811 
56 625.23 430.22 0.941071 
57 604.529 437.983 0.888672 
58 587.71 439.276 0.836638 
59 573.478 436.689 0.876879 
60 556.659 430.22 0.865871 
61 550.19 414.694 0.828104 
62 573.478 410.813 0.951689 
63 586.416 410.813 0.933553 
64 604.529 410.813 0.921871 
65 634.286 415.988 0.834349 
66 604.529 410.813 0.914382 
67 586.416 410.813 0.899021 
68 573.478 410.813 0.952424 
69 542.427 289.196 0.838216 
70 653.693 293.078 0.778708 
