1 473.733 292.552 0.853376 
2 475.031 323.702 0.924208 
3 477.627 356.15 0.79686 
4 484.117 387.301 0.824023 
5 494.5 418.451 0.780406 
6 507.479 448.303 0.78173 
7 526.948 470.368 0.818553 
8 549.013 491.135 0.800418 
9 580.163 500.22 0.812039 
10 616.505 492.433 0.789956 
11 645.059 479.453 0.798788 
12 669.72 456.091 0.789172 
13 685.295 427.536 0.834551 
14 699.572 396.386 0.807336 
15 704.764 366.534 0.868359 
16 711.254 334.086 0.877526 
17 712.551 301.638 0.820758 
18 485.415 262.7 0.957447 
19 498.394 248.423 0.827963 
20 517.863 241.933 0.897248 
21 538.629 247.125 0.85381 
22 558.098 253.614 0.899173 
23 599.632 252.316 0.87254 
24 622.995 243.231 0.852767 
25 650.251 240.635 0.930274 
26 673.614 249.72 0.865041 
27 691.785 265.296 0.868442 
28 578.865 275.679 0.914322 
29 577.567 293.85 0.933686 
30 576.269 312.021 0.861377 
31 573.673 327.596 0.788798 
32 551.609 354.852 0.892439 
33 563.29 357.448 0.874407 
34 576.269 361.342 0.853543 
35 587.951 357.448 0.934898 
36 599.632 354.852 0.923121 
37 506.181 283.467 0.955436 
38 520.458 274.381 0.829403 
39 538.629 274.381 0.850633 
40 555.503 288.658 0.840971 
41 537.332 292.552 0.895215 
42 520.458 292.552 0.864963 
43 615.207 286.062 0.839426 
44 630.782 274.381 0.867919 
45 650.251 278.275 0.893292 
46 663.23 288.658 0.923722 
47 650.251 292.552 0.979175 
48 630.782 291.254 0.905206 
49 529.544 410.663 0.826939 
50 545.119 396.386 0.909593 
51 559.396 386.003 0.899874 
52 576.269 388.599 0.871696 
53 589.249 387.301 0.964621 
54 610.015 396.386 0.927536 
55 629.484 413.259 0.861724 
56 610.015 427.536 0.934599 
57 590.547 431.43 0.876082 
58 576.269 432.728 0.849382 
59 559.396 431.43 0.858922 
60 546.417 427.536 0.890018 
61 537.332 409.365 0.886034 
62 559.396 406.769 0.909401 
63 576.269 406.769 0.90335 
64 589.249 406.769 0.916957 
65 619.101 411.961 0.85771 
66 589.249 408.067 0.914557 
67 576.269 408.067 0.879727 
68 559.396 408.067 0.901706 
69 533.438 282.169 0.776987 
70 641.166 282.169 0.877588 
