1 467.351 297.549 0.817563 
2 467.351 329.259 0.811586 
3 473.957 359.648 0.798045 
4 477.921 390.037 0.764687 
5 487.17 420.426 0.756033 
6 505.667 450.815 0.793011 
7 524.165 473.276 0.770917 
8 547.947 494.416 0.844599 
9 579.657 502.343 0.78882 
10 612.689 494.416 0.866095 
11 643.077 475.918 0.824573 
12 665.539 452.136 0.852151 
13 685.357 424.389 0.798134 
14 695.927 392.679 0.796664 
15 703.855 360.969 0.771879 
16 706.497 326.617 0.850839 
17 707.819 293.585 0.843374 
18 476.599 261.875 0.90241 
19 491.133 248.663 0.847905 
20 510.952 242.057 0.837258 
21 530.771 248.663 0.866787 
22 549.268 255.269 0.897794 
23 591.548 252.627 0.85416 
24 614.01 243.378 0.847359 
25 641.756 239.414 0.904257 
26 665.539 247.342 0.895892 
27 684.036 261.875 0.884613 
28 569.087 277.73 0.881107 
29 567.766 293.585 0.891248 
30 565.123 310.762 0.814037 
31 562.481 325.296 0.835069 
32 545.305 355.684 0.881596 
33 557.196 357.006 0.869455 
34 569.087 360.969 0.84917 
35 580.978 357.006 0.92801 
36 591.548 355.684 0.886286 
37 497.74 290.943 0.912537 
38 509.631 281.694 0.901248 
39 528.128 280.373 0.900725 
40 546.626 289.622 0.84637 
41 528.128 293.585 0.896689 
42 510.952 294.907 0.847596 
43 603.44 289.622 0.864817 
44 621.937 280.373 0.925365 
45 640.435 280.373 0.873274 
46 654.969 288.3 0.924742 
47 641.756 293.585 0.902981 
48 621.937 293.585 0.957268 
49 524.165 409.856 0.878259 
50 537.377 397.964 0.970702 
51 554.553 388.716 0.871974 
52 569.087 390.037 0.908992 
53 580.978 387.394 0.924232 
54 603.44 396.643 0.871793 
55 623.259 409.856 0.892232 
56 606.082 425.711 0.805027 
57 586.263 430.996 0.84842 
58 570.408 432.317 0.901822 
59 555.875 430.996 0.870225 
60 538.698 427.032 0.846674 
61 529.45 409.856 0.878816 
62 555.875 408.534 0.877919 
63 569.087 408.534 0.940356 
64 582.3 407.213 0.868622 
65 615.331 409.856 0.859493 
66 582.3 408.534 0.875693 
67 569.087 408.534 0.92488 
68 555.875 408.534 0.892583 
69 520.201 284.337 0.790405 
70 631.186 283.015 0.842773 
