1 467.259 294.914 0.844964 
2 464.589 325.623 0.832792 
3 465.924 356.331 0.813331 
4 468.594 387.04 0.849635 
5 479.275 417.748 0.82764 
6 499.302 445.786 0.73661 
7 516.659 471.154 0.783767 
8 540.692 492.517 0.853085 
9 571.401 499.193 0.770345 
10 606.115 492.517 0.849694 
11 634.153 472.49 0.80566 
12 659.521 451.127 0.851506 
13 678.213 424.424 0.755075 
14 690.229 393.716 0.777976 
15 694.235 363.007 0.813673 
16 700.91 330.964 0.808472 
17 702.245 297.585 0.786903 
18 475.27 258.865 0.821904 
19 487.286 242.843 0.825581 
20 504.643 237.503 0.870279 
21 523.335 241.508 0.861066 
22 542.027 249.519 0.913773 
23 584.752 248.184 0.863502 
24 607.45 238.838 0.891917 
25 632.818 236.168 0.88049 
26 659.521 245.514 0.878763 
27 675.542 260.2 0.830431 
28 563.39 277.557 0.894424 
29 562.055 292.244 0.864141 
30 559.384 310.936 0.88154 
31 556.714 328.293 0.796695 
32 534.016 353.661 0.928546 
33 546.033 357.667 0.847041 
34 562.055 363.007 0.878952 
35 575.406 356.331 0.906007 
36 588.758 353.661 0.883876 
37 492.627 285.568 0.876626 
38 505.978 277.557 0.875208 
39 522 277.557 0.934927 
40 538.022 288.239 0.862286 
41 522 290.909 0.967574 
42 505.978 290.909 0.889908 
43 598.104 286.904 0.871655 
44 616.796 277.557 0.916603 
45 632.818 277.557 0.875501 
46 648.839 284.233 0.926654 
47 632.818 289.574 0.886914 
48 616.796 289.574 0.923545 
49 513.989 404.397 0.833919 
50 531.346 389.71 0.848122 
51 547.368 384.37 0.853224 
52 563.39 385.705 0.97587 
53 576.741 384.37 0.837054 
54 599.439 387.04 0.856887 
55 622.136 397.721 0.837777 
56 604.779 419.083 0.892533 
57 584.752 428.43 0.902764 
58 564.725 431.1 0.907139 
59 550.038 429.765 0.866499 
60 531.346 421.754 0.859446 
61 522 404.397 0.86475 
62 547.368 396.386 0.88625 
63 563.39 396.386 0.952479 
64 579.412 396.386 0.828799 
65 614.125 399.056 0.802107 
66 580.747 408.402 0.863176 
67 564.725 408.402 0.898095 
68 548.703 408.402 0.828857 
69 516.659 280.228 0.817583 
70 626.142 280.228 0.846341 
