1 477.445 291.101 0.805013 
2 477.445 323.872 0.792973 
3 481.378 355.332 0.799813 
4 485.31 386.792 0.772584 
5 494.486 416.941 0.753796 
6 510.216 443.158 0.737068 
7 527.257 469.375 0.760759 
8 549.541 489.038 0.756841 
9 581.001 494.281 0.792904 
10 619.016 491.659 0.814246 
11 647.854 473.308 0.836585 
12 671.449 451.023 0.876773 
13 689.801 424.806 0.777789 
14 700.288 394.657 0.771699 
15 705.531 364.508 0.799283 
16 712.085 331.737 0.813337 
17 713.396 298.966 0.800166 
18 485.31 255.708 0.840775 
19 498.419 241.289 0.8661 
20 518.081 234.735 0.846809 
21 539.055 239.978 0.867279 
22 557.406 249.154 0.886356 
23 600.664 246.532 0.818514 
24 625.57 237.357 0.843591 
25 650.476 232.113 0.928632 
26 674.071 241.289 0.874894 
27 692.423 260.952 0.904512 
28 578.38 271.438 0.921142 
29 577.069 287.168 0.905287 
30 577.069 305.52 0.938102 
31 574.447 323.872 0.811242 
32 552.163 347.467 0.883641 
33 563.96 354.021 0.863634 
34 575.758 356.643 0.924745 
35 587.556 355.332 0.90955 
36 599.353 350.089 0.860917 
37 506.284 276.682 0.879579 
38 519.392 264.884 0.836238 
39 537.744 263.573 0.856479 
40 554.785 279.303 0.895431 
41 537.744 283.236 0.891007 
42 520.703 283.236 0.875089 
43 615.083 281.925 0.848751 
44 630.813 264.884 0.89699 
45 650.476 266.195 0.89979 
46 662.273 280.614 0.905014 
47 650.476 284.547 0.956809 
48 630.813 283.236 0.929127 
49 532.5 409.076 0.856138 
50 545.609 389.414 0.910163 
51 560.028 380.238 0.863854 
52 575.758 385.481 0.880123 
53 588.866 380.238 0.905276 
54 609.84 389.414 0.936717 
55 629.502 409.076 0.908469 
56 609.84 420.874 0.93716 
57 590.177 426.117 0.841094 
58 577.069 427.428 0.878677 
59 561.339 424.806 0.811692 
60 545.609 419.563 0.90928 
61 539.055 407.766 0.82962 
62 561.339 399.901 0.874914 
63 577.069 399.901 0.922448 
64 588.866 399.901 0.903897 
65 620.327 407.766 0.877447 
66 588.866 399.901 0.879065 
67 577.069 401.211 0.877429 
68 561.339 399.901 0.8432 
69 532.5 272.749 0.75262 
70 641.3 272.749 0.875216 
