1 464.713 298.089 0.821494 
2 459.569 326.38 0.803534 
3 458.283 355.957 0.764704 
4 464.713 386.82 0.828414 
5 476.287 416.398 0.812821 
6 494.29 444.689 0.76832 
7 512.294 470.408 0.726702 
8 536.727 494.841 0.819628 
9 567.59 498.699 0.801318 
10 601.025 492.269 0.785773 
11 630.602 475.552 0.843857 
12 655.036 449.833 0.765137 
13 673.039 424.113 0.801928 
14 685.899 391.964 0.781896 
15 692.329 359.815 0.819562 
16 694.901 327.666 0.753903 
17 698.759 292.945 0.743554 
18 467.285 260.796 0.828187 
19 477.573 245.364 0.807658 
20 496.862 240.221 0.913923 
21 517.438 244.079 0.892553 
22 535.441 251.794 0.897837 
23 579.164 250.508 0.873712 
24 601.025 240.221 0.883277 
25 628.031 237.649 0.878096 
26 652.464 242.793 0.844998 
27 670.467 260.796 0.916742 
28 556.017 278.8 0.875694 
29 553.445 292.945 0.845573 
30 549.587 310.949 0.919394 
31 548.301 331.524 0.891343 
32 527.725 353.385 0.915459 
33 539.299 359.815 0.865996 
34 556.017 362.387 0.903822 
35 568.876 357.243 0.85617 
36 585.594 353.385 0.874509 
37 486.575 289.087 0.951569 
38 496.862 278.8 0.921485 
39 514.866 277.514 0.847993 
40 529.011 286.515 0.859427 
41 516.152 290.373 0.931961 
42 496.862 291.659 0.964029 
43 592.024 287.801 0.84575 
44 608.741 276.228 0.896935 
45 625.459 274.942 0.82834 
46 639.604 281.371 0.936699 
47 626.745 290.373 0.881541 
48 608.741 290.373 0.943735 
49 507.15 400.966 0.892119 
50 523.868 390.678 0.839978 
51 540.585 382.962 0.888831 
52 557.303 384.248 0.954574 
53 571.448 382.962 0.851473 
54 598.453 385.534 0.876477 
55 620.315 395.822 0.902907 
56 599.739 416.398 0.852984 
57 577.878 426.685 0.862985 
58 558.589 431.829 0.873672 
59 545.729 429.257 0.856226 
60 526.44 422.827 0.873126 
61 516.152 402.252 0.868906 
62 541.871 394.536 0.880486 
63 557.303 394.536 0.963731 
64 574.02 393.25 0.844965 
65 610.027 397.108 0.840027 
66 576.592 406.11 0.812693 
67 558.589 409.968 0.872308 
68 544.443 408.682 0.785636 
69 505.864 281.371 0.854949 
70 617.743 280.085 0.858599 
