1 470.672 293.227 0.894934 
2 471.975 325.795 0.841004 
3 478.488 358.363 0.778198 
4 482.396 392.234 0.783669 
5 491.515 420.893 0.758546 
6 509.753 449.553 0.792147 
7 526.689 473.002 0.737593 
8 552.743 492.543 0.801077 
9 584.008 500.359 0.839256 
10 616.576 493.846 0.826491 
11 646.539 478.213 0.866555 
12 668.685 453.461 0.816788 
13 686.923 427.407 0.832648 
14 697.345 396.142 0.82519 
15 702.556 364.877 0.833208 
16 709.069 333.611 0.872133 
17 710.372 301.043 0.817711 
18 481.094 261.962 0.92436 
19 494.121 248.935 0.860252 
20 513.662 241.118 0.882828 
21 535.808 246.329 0.848913 
22 555.349 252.843 0.869557 
23 595.733 251.54 0.867474 
24 619.182 242.421 0.850744 
25 646.539 239.816 0.925653 
26 669.988 246.329 0.851944 
27 688.226 263.265 0.885368 
28 574.889 274.989 0.915188 
29 573.587 293.227 0.969615 
30 573.587 312.768 0.899391 
31 572.284 329.703 0.798656 
32 552.743 355.758 0.93492 
33 563.165 358.363 0.896682 
34 573.587 363.574 0.930384 
35 585.311 358.363 0.903067 
36 597.035 355.758 0.901988 
37 503.24 282.805 0.954705 
38 516.267 271.081 0.892518 
39 534.505 271.081 0.889111 
40 551.44 282.805 0.909701 
41 533.202 286.714 0.849987 
42 517.57 289.319 0.834438 
43 612.668 284.108 0.842681 
44 626.998 271.081 0.937914 
45 646.539 271.081 0.966102 
46 659.566 282.805 0.953146 
47 646.539 290.622 0.937478 
48 626.998 289.319 0.873486 
49 531.9 413.077 0.852213 
50 543.624 397.445 0.982136 
51 561.862 387.023 0.894731 
52 573.587 390.931 0.911752 
53 586.614 387.023 0.903204 
54 607.457 396.142 0.900165 
55 626.998 413.077 0.839142 
56 612.668 427.407 0.892222 
57 593.127 433.921 0.835577 
58 574.889 435.223 0.880184 
59 561.862 432.618 0.843344 
60 543.624 427.407 0.893398 
61 538.413 410.472 0.813775 
62 561.862 406.564 0.913461 
63 574.889 406.564 0.966764 
64 589.219 406.564 0.864982 
65 617.879 411.774 0.803654 
66 589.219 407.866 0.846537 
67 574.889 409.169 0.924062 
68 561.862 407.866 0.876281 
69 526.689 276.292 0.745963 
70 637.42 277.595 0.839958 
