1 476.542 287.2 0.792856 
2 476.542 321.159 0.766822 
3 480.461 353.812 0.73913 
4 484.379 386.465 0.783695 
5 494.828 417.812 0.748133 
6 506.583 443.934 0.743208 
7 526.175 470.057 0.79622 
8 547.073 490.955 0.827356 
9 578.42 494.873 0.810721 
10 614.991 492.261 0.795692 
11 643.726 475.281 0.798651 
12 669.848 451.771 0.820949 
13 688.134 426.955 0.782773 
14 699.889 395.608 0.77795 
15 706.42 364.261 0.783149 
16 712.95 331.608 0.813628 
17 714.256 296.343 0.787034 
18 484.379 254.547 0.883834 
19 497.44 241.486 0.858475 
20 517.032 233.649 0.869616 
21 537.93 240.179 0.883896 
22 557.522 250.628 0.913684 
23 599.318 248.016 0.824243 
24 622.828 238.873 0.835995 
25 650.257 232.343 0.922701 
26 673.767 241.486 0.885022 
27 692.052 262.383 0.916083 
28 577.114 272.832 0.931041 
29 575.808 289.812 0.845744 
30 570.583 306.792 0.848336 
31 567.971 326.383 0.911049 
32 548.379 351.2 0.862174 
33 558.828 356.424 0.915294 
34 570.583 357.73 0.897973 
35 586.257 356.424 0.891479 
36 598.012 352.506 0.859594 
37 505.277 276.751 0.884196 
38 517.032 264.996 0.897226 
39 535.318 264.996 0.89401 
40 549.685 280.669 0.830875 
41 535.318 283.281 0.945587 
42 517.032 283.281 0.936953 
43 612.379 281.975 0.854457 
44 629.359 267.608 0.897858 
45 648.95 268.914 0.850466 
46 662.012 281.975 0.934168 
47 648.95 284.587 0.907273 
48 629.359 284.587 0.951822 
49 527.481 408.669 0.875117 
50 541.849 391.689 0.816314 
51 557.522 385.159 0.88142 
52 571.889 387.771 0.902393 
53 587.563 385.159 0.886173 
54 608.461 392.996 0.842521 
55 626.746 409.975 0.868304 
56 608.461 420.424 0.915542 
57 588.869 428.261 0.914498 
58 573.195 429.567 0.83498 
59 557.522 428.261 0.89235 
60 543.155 420.424 0.859495 
61 536.624 408.669 0.89167 
62 557.522 400.832 0.918724 
63 571.889 400.832 0.861907 
64 587.563 400.832 0.894133 
65 618.91 408.669 0.892654 
66 587.563 400.832 0.869454 
67 571.889 402.138 0.827179 
68 557.522 402.138 0.867295 
69 526.175 272.832 0.837376 
70 639.808 274.139 0.87249 
