1 480.087 291.953 0.832761 
2 480.087 324.357 0.822365 
3 483.975 356.762 0.754015 
4 489.16 390.463 0.797881 
5 499.53 420.275 0.744704 
6 512.491 447.495 0.748476 
7 530.638 474.714 0.783643 
8 553.969 495.453 0.788115 
9 586.374 499.342 0.776504 
10 622.667 496.749 0.858481 
11 651.183 477.307 0.838976 
12 674.514 455.272 0.878906 
13 693.957 426.756 0.796225 
14 705.622 394.351 0.842158 
15 713.399 363.243 0.804499 
16 715.992 330.838 0.888595 
17 718.584 295.841 0.754432 
18 490.456 259.548 0.890501 
19 507.307 246.587 0.86226 
20 528.046 241.402 0.856236 
21 548.784 247.883 0.899816 
22 566.931 256.956 0.84814 
23 607.113 255.66 0.801986 
24 633.036 246.587 0.883277 
25 655.071 238.809 0.930171 
26 680.995 246.587 0.854962 
27 696.549 260.845 0.89092 
28 585.078 278.991 0.887406 
29 583.781 297.138 0.870876 
30 582.485 312.692 0.904258 
31 581.189 332.134 0.887879 
32 560.45 356.762 0.878103 
33 570.82 361.947 0.947604 
34 582.485 363.243 0.979852 
35 594.151 361.947 0.911707 
36 607.113 359.354 0.825169 
37 511.195 286.768 0.907802 
38 524.157 278.991 0.887762 
39 541.007 278.991 0.924248 
40 557.858 288.064 0.846666 
41 541.007 289.361 0.91966 
42 524.157 290.657 0.880101 
43 622.667 289.361 0.913753 
44 634.332 278.991 0.97631 
45 653.775 280.287 0.960316 
46 665.441 289.361 0.960604 
47 653.775 291.953 0.917354 
48 634.332 290.657 0.956174 
49 538.415 413.794 0.883081 
50 551.377 398.24 0.870547 
51 569.523 391.759 0.875999 
52 582.485 394.351 0.957619 
53 595.447 391.759 0.873733 
54 614.89 399.536 0.841451 
55 634.332 413.794 0.933659 
56 616.186 426.756 0.836694 
57 599.336 434.533 0.882426 
58 582.485 435.829 0.937093 
59 568.227 434.533 0.865025 
60 551.377 426.756 0.881206 
61 544.896 413.794 0.865112 
62 569.523 408.609 0.842673 
63 582.485 411.202 0.919392 
64 596.743 409.905 0.823292 
65 623.963 413.794 0.902427 
66 596.743 411.202 0.819062 
67 582.485 412.498 0.939531 
68 569.523 411.202 0.837083 
69 531.934 281.583 0.795388 
70 643.406 284.176 0.863006 
