1 474.628 293.384 0.810534 
2 475.934 326.034 0.802033 
3 477.24 357.379 0.784157 
4 482.464 388.723 0.732045 
5 490.3 418.762 0.719157 
6 507.278 448.801 0.786843 
7 522.951 471.003 0.742003 
8 547.765 491.899 0.771723 
9 580.416 499.735 0.793397 
10 614.372 493.205 0.81422 
11 644.411 478.839 0.885188 
12 666.613 455.331 0.806483 
13 686.204 426.598 0.853546 
14 697.958 395.254 0.857843 
15 705.794 363.909 0.859768 
16 708.406 331.258 0.848878 
17 709.712 294.69 0.765251 
18 479.852 260.733 0.865949 
19 494.218 247.673 0.839436 
20 513.808 241.143 0.854085 
21 534.705 246.367 0.843337 
22 552.989 254.203 0.850716 
23 593.476 251.591 0.851468 
24 618.29 245.061 0.836365 
25 644.411 239.837 0.951239 
26 667.919 245.061 0.851067 
27 687.51 260.733 0.9156 
28 572.579 277.711 0.905104 
29 571.273 293.384 0.936102 
30 569.967 311.668 0.929977 
31 568.661 329.952 0.787826 
32 549.071 354.767 0.917184 
33 559.519 357.379 0.878291 
34 571.273 362.603 0.900836 
35 583.028 358.685 0.885323 
36 593.476 354.767 0.873657 
37 500.748 286.854 0.89634 
38 511.196 275.099 0.865318 
39 530.787 273.793 0.863967 
40 547.765 284.241 0.827246 
41 530.787 290.772 0.888233 
42 512.502 292.078 0.903436 
43 607.842 290.772 0.861761 
44 623.514 275.099 0.894045 
45 643.105 275.099 0.832191 
46 657.471 284.241 0.89294 
47 644.411 292.078 0.923826 
48 623.514 292.078 0.967699 
49 528.175 413.538 0.84646 
50 539.929 396.56 0.9732 
51 556.907 386.111 0.874446 
52 571.273 390.029 0.898649 
53 583.028 386.111 0.912397 
54 603.924 396.56 0.920968 
55 624.82 414.844 0.868373 
56 606.536 426.598 0.896495 
57 586.946 431.822 0.830421 
58 571.273 434.434 0.89187 
59 558.213 431.822 0.820051 
60 541.235 426.598 0.91566 
61 534.705 410.926 0.816223 
62 558.213 405.702 0.886687 
63 571.273 405.702 0.949168 
64 584.334 405.702 0.893104 
65 614.372 413.538 0.831947 
66 584.334 407.008 0.872022 
67 571.273 407.008 0.91079 
68 558.213 407.008 0.870917 
69 520.338 280.323 0.80854 
70 632.657 281.629 0.812835 
