1 466.238 296.28 0.803247 
2 464.911 325.474 0.83715 
3 468.892 357.322 0.797491 
4 472.873 387.843 0.8335 
5 483.489 419.691 0.835924 
6 502.067 447.558 0.752505 
7 520.645 471.444 0.791177 
8 545.858 494.003 0.878717 
9 576.379 499.311 0.788337 
10 609.554 492.676 0.866299 
11 636.094 472.771 0.816722 
12 661.307 450.212 0.847064 
13 679.885 422.345 0.755283 
14 691.828 393.151 0.761843 
15 697.136 362.63 0.798914 
16 702.444 330.782 0.788869 
17 705.098 294.953 0.776042 
18 474.2 261.778 0.842121 
19 487.47 248.508 0.864047 
20 506.048 240.546 0.85304 
21 527.28 247.18 0.88058 
22 547.185 255.143 0.893976 
23 588.322 251.161 0.84639 
24 610.881 241.872 0.879995 
25 633.44 237.891 0.903982 
26 661.307 245.854 0.858051 
27 677.231 260.451 0.873836 
28 567.09 277.702 0.867822 
29 565.763 292.299 0.859379 
30 563.109 310.877 0.850317 
31 560.455 325.474 0.796681 
32 540.55 354.668 0.872458 
33 553.82 357.322 0.857061 
34 567.09 361.303 0.858012 
35 579.033 355.995 0.90212 
36 594.957 354.668 0.865142 
37 496.759 288.318 0.877363 
38 508.702 279.029 0.879694 
39 525.953 279.029 0.926956 
40 541.877 288.318 0.836742 
41 525.953 290.972 0.95663 
42 510.029 292.299 0.888874 
43 601.592 286.991 0.864413 
44 620.17 279.029 0.92112 
45 637.421 279.029 0.874868 
46 652.018 285.664 0.933418 
47 637.421 290.972 0.878954 
48 620.17 289.645 0.917771 
49 516.664 406.421 0.880608 
50 535.242 391.824 0.838593 
51 553.82 385.189 0.858091 
52 568.417 386.516 0.966995 
53 583.014 382.535 0.789589 
54 606.9 387.843 0.868781 
55 628.132 399.786 0.837909 
56 609.554 422.345 0.861873 
57 588.322 432.961 0.860416 
58 569.744 438.269 0.856107 
59 555.147 435.615 0.866644 
60 535.242 427.653 0.884904 
61 525.953 406.421 0.896665 
62 553.82 397.132 0.872879 
63 568.417 397.132 0.926499 
64 585.668 395.805 0.807323 
65 620.17 401.113 0.830341 
66 586.995 411.729 0.816291 
67 568.417 415.71 0.868929 
68 555.147 415.71 0.809478 
69 519.318 281.683 0.828112 
70 630.786 281.683 0.858703 
