1 479.398 294.604 0.838244 
2 479.398 326.84 0.889604 
3 483.266 359.076 0.802245 
4 489.713 390.022 0.818166 
5 500.029 420.969 0.792149 
6 516.792 450.626 0.789691 
7 534.844 472.547 0.768473 
8 560.633 493.178 0.836156 
9 591.579 500.914 0.815813 
10 623.815 493.178 0.85316 
11 653.473 476.415 0.835413 
12 675.393 451.916 0.849603 
13 694.735 427.416 0.805451 
14 706.34 396.47 0.785976 
15 714.076 364.233 0.777572 
16 716.655 329.419 0.845989 
17 720.524 295.893 0.749837 
18 492.292 258.499 0.818632 
19 509.055 245.605 0.89835 
20 529.686 244.315 0.901226 
21 550.317 246.894 0.919699 
22 569.659 255.92 0.899114 
23 610.921 254.631 0.87666 
24 632.842 244.315 0.928822 
25 656.052 237.868 0.865494 
26 683.13 244.315 0.902842 
27 697.314 261.078 0.855611 
28 587.711 277.841 0.831896 
29 583.843 297.182 0.879721 
30 582.553 315.235 0.874608 
31 582.553 331.997 0.843301 
32 560.633 357.786 0.931875 
33 572.238 360.365 0.935324 
34 582.553 364.233 0.88198 
35 596.737 360.365 0.86512 
36 610.921 357.786 0.884518 
37 512.923 290.735 0.875606 
38 527.107 285.577 0.903494 
39 542.581 285.577 0.896425 
40 560.633 290.735 0.830056 
41 542.581 295.893 0.854639 
42 527.107 295.893 0.89123 
43 623.815 294.604 0.921232 
44 639.289 286.867 0.904463 
45 654.762 286.867 0.951066 
46 670.235 293.314 0.853964 
47 654.762 295.893 0.96635 
48 637.999 295.893 0.911794 
49 540.002 414.522 0.865471 
50 551.607 399.048 0.974666 
51 570.948 390.022 0.952817 
52 582.553 392.601 0.883987 
53 600.605 390.022 0.914278 
54 621.237 399.048 0.881788 
55 639.289 414.522 0.817013 
56 622.526 429.995 0.949458 
57 601.895 435.153 0.882195 
58 583.843 436.442 0.828437 
59 570.948 433.863 0.865094 
60 552.896 429.995 0.873681 
61 547.738 411.943 0.833447 
62 570.948 409.364 0.94749 
63 583.843 410.653 0.950065 
64 601.895 409.364 0.909434 
65 631.552 413.232 0.830519 
66 601.895 410.653 0.912159 
67 583.843 410.653 0.929344 
68 570.948 410.653 0.971283 
69 534.844 288.156 0.78502 
70 644.447 290.735 0.839021 
