1 485.018 287.876 0.789449 
2 483.719 319.055 0.804435 
3 487.616 351.533 0.752981 
4 490.214 385.31 0.806268 
5 500.608 415.19 0.763912 
6 513.599 442.472 0.812023 
7 533.086 465.856 0.807336 
8 555.171 485.343 0.788113 
9 587.649 493.138 0.805406 
10 624.025 489.241 0.791018 
11 651.307 472.352 0.810203 
12 677.289 450.267 0.828622 
13 694.178 421.686 0.792058 
14 707.169 391.806 0.783405 
15 712.366 360.627 0.775423 
16 718.861 329.448 0.846565 
17 720.161 296.969 0.801999 
18 495.411 254.098 0.883736 
19 511.001 238.509 0.876132 
20 531.787 234.611 0.920885 
21 552.573 238.509 0.885273 
22 570.761 246.303 0.863156 
23 612.333 245.004 0.841869 
24 635.717 234.611 0.895201 
25 659.101 233.312 0.884491 
26 686.383 241.107 0.834698 
27 699.374 257.996 0.872186 
28 590.247 270.987 0.84698 
29 586.35 286.576 0.876723 
30 585.051 306.063 0.907548 
31 583.752 321.653 0.847416 
32 562.966 347.636 0.933764 
33 573.359 350.234 0.930266 
34 585.051 355.43 0.907649 
35 595.444 351.533 0.881315 
36 608.435 348.935 0.855088 
37 517.496 277.483 0.87218 
38 531.787 269.688 0.8652 
39 549.974 270.987 0.827421 
40 562.966 283.978 0.903983 
41 547.376 286.576 0.860696 
42 530.488 286.576 0.907313 
43 625.324 283.978 0.894942 
44 638.315 272.286 0.86543 
45 657.802 273.585 0.915049 
46 672.093 283.978 0.895993 
47 657.802 287.876 0.929723 
48 638.315 286.576 0.923553 
49 540.881 403.498 0.846681 
50 553.872 389.208 0.980698 
51 572.06 380.114 0.900215 
52 583.752 382.712 0.908417 
53 598.042 380.114 0.886606 
54 617.529 390.507 0.899245 
55 637.016 407.396 0.867386 
56 618.828 419.088 0.854529 
57 599.341 421.686 0.862687 
58 583.752 421.686 0.926781 
59 570.761 421.686 0.884992 
60 553.872 417.789 0.861094 
61 546.077 402.199 0.856369 
62 570.761 399.601 0.891539 
63 583.752 399.601 0.959564 
64 599.341 399.601 0.874359 
65 627.922 406.096 0.837928 
66 598.042 399.601 0.871464 
67 583.752 399.601 0.951605 
68 572.06 399.601 0.90796 
69 542.18 276.183 0.806786 
70 647.409 277.483 0.866895 
