1 470.676 292.466 0.862772 
2 470.676 324.767 0.823225 
3 477.136 357.069 0.745902 
4 481.012 389.371 0.775836 
5 491.349 419.088 0.7439 
6 506.853 446.222 0.753339 
7 524.942 472.063 0.735469 
8 550.784 491.444 0.765788 
9 581.793 497.904 0.81366 
10 615.387 494.028 0.816481 
11 645.104 475.939 0.903475 
12 667.07 453.974 0.819421 
13 686.451 424.257 0.842932 
14 696.787 393.247 0.861861 
15 704.539 362.237 0.83632 
16 707.124 329.936 0.862182 
17 708.416 295.05 0.779193 
18 481.012 260.164 0.936422 
19 492.641 247.244 0.858326 
20 513.314 240.783 0.899752 
21 533.987 244.659 0.855561 
22 553.368 252.412 0.878666 
23 594.714 251.12 0.884609 
24 617.971 242.075 0.854566 
25 645.104 238.199 0.925032 
26 668.362 243.367 0.852023 
27 686.451 260.164 0.895153 
28 574.041 274.377 0.912665 
29 574.041 291.174 0.953784 
30 572.749 310.555 0.938437 
31 572.749 328.644 0.834255 
32 552.076 353.193 0.939092 
33 562.412 357.069 0.902751 
34 572.749 360.945 0.94469 
35 584.377 357.069 0.898142 
36 596.006 353.193 0.877787 
37 501.685 282.129 0.927467 
38 512.022 270.501 0.932744 
39 531.403 270.501 0.921602 
40 545.615 282.129 0.834003 
41 531.403 288.59 0.906749 
42 513.314 289.882 0.939149 
43 611.511 286.006 0.83048 
44 624.431 270.501 0.969006 
45 645.104 270.501 0.913073 
46 656.733 280.837 0.937261 
47 645.104 289.882 0.958495 
48 625.723 289.882 0.954642 
49 531.403 412.628 0.861771 
50 541.739 394.539 0.968236 
51 559.828 384.202 0.88548 
52 572.749 388.079 0.910717 
53 585.669 384.202 0.902377 
54 607.635 394.539 0.889543 
55 627.016 412.628 0.858113 
56 610.219 425.549 0.883128 
57 590.838 432.009 0.839015 
58 574.041 433.301 0.895384 
59 561.12 430.717 0.819974 
60 543.031 424.257 0.903095 
61 537.863 410.044 0.817083 
62 561.12 404.876 0.893732 
63 572.749 404.876 0.964926 
64 586.961 403.583 0.876312 
65 616.679 412.628 0.815156 
66 588.254 404.876 0.85648 
67 572.749 404.876 0.918034 
68 561.12 404.876 0.881544 
69 522.358 279.545 0.840373 
70 633.476 279.545 0.834952 
