1 470.643 298.092 0.816406 
2 471.96 329.707 0.790303 
3 474.595 360.005 0.791771 
4 479.864 390.303 0.748048 
5 487.768 419.284 0.746984 
6 506.21 449.582 0.807619 
7 524.652 471.976 0.789222 
8 548.364 493.053 0.856586 
9 579.979 499.639 0.779762 
10 611.594 493.053 0.863773 
11 643.21 475.928 0.810802 
12 665.604 450.899 0.84569 
13 685.363 425.87 0.81212 
14 695.902 395.572 0.807161 
15 699.854 363.957 0.79482 
16 706.44 331.024 0.820714 
17 707.758 295.457 0.799723 
18 478.547 259.89 0.8689 
19 494.354 248.034 0.894094 
20 515.431 241.448 0.847018 
21 533.874 248.034 0.863202 
22 550.999 255.938 0.883589 
23 591.835 253.304 0.85048 
24 614.229 244.082 0.838633 
25 640.575 240.131 0.897185 
26 664.287 246.717 0.884357 
27 684.046 261.207 0.875347 
28 570.758 278.332 0.880553 
29 569.441 292.823 0.923784 
30 568.123 309.948 0.83705 
31 565.489 324.438 0.827881 
32 548.364 354.736 0.91391 
33 558.902 356.053 0.917277 
34 569.441 358.688 0.882074 
35 581.296 356.053 0.951316 
36 593.152 354.736 0.891497 
37 500.941 288.871 0.875379 
38 514.114 279.65 0.890864 
39 529.922 279.65 0.861022 
40 548.364 288.871 0.872282 
41 529.922 292.823 0.868348 
42 515.431 294.14 0.863223 
43 606.325 288.871 0.845542 
44 622.133 278.332 0.918776 
45 641.892 279.65 0.886699 
46 655.065 287.553 0.922709 
47 641.892 292.823 0.914302 
48 622.133 292.823 0.963404 
49 527.287 410.063 0.91028 
50 539.143 396.89 0.968084 
51 557.585 386.351 0.885305 
52 569.441 387.668 0.933432 
53 582.614 386.351 0.91199 
54 602.373 395.572 0.868529 
55 623.45 408.745 0.914194 
56 605.008 425.87 0.81075 
57 586.566 429.822 0.853534 
58 570.758 431.139 0.906503 
59 557.585 429.822 0.894102 
60 539.143 425.87 0.837156 
61 533.874 408.745 0.866785 
62 557.585 406.111 0.883457 
63 569.441 407.428 0.945383 
64 582.614 406.111 0.856308 
65 612.912 408.745 0.904367 
66 583.931 407.428 0.856274 
67 569.441 407.428 0.938721 
68 557.585 407.428 0.908027 
69 524.652 283.602 0.78098 
70 632.671 282.284 0.869975 
