1 478.226 291.751 0.793485 
2 479.532 323.089 0.813927 
3 480.838 355.734 0.779814 
4 486.061 388.378 0.724713 
5 493.895 418.411 0.715062 
6 510.87 448.444 0.776679 
7 526.54 471.947 0.73402 
8 551.349 492.84 0.756031 
9 581.382 499.369 0.772514 
10 616.638 495.451 0.79836 
11 647.977 478.476 0.840325 
12 670.175 456.278 0.826875 
13 689.761 427.551 0.828653 
14 701.513 396.213 0.857077 
15 709.348 363.568 0.844724 
16 711.96 330.924 0.855505 
17 713.265 294.362 0.769103 
18 486.061 260.412 0.851567 
19 500.424 247.354 0.846869 
20 521.317 240.826 0.865507 
21 542.209 247.354 0.871858 
22 557.878 256.495 0.840154 
23 599.663 253.883 0.813243 
24 625.779 244.743 0.843815 
25 649.282 239.52 0.94124 
26 674.092 246.049 0.836255 
27 691.067 261.718 0.914662 
28 576.159 279.999 0.927625 
29 574.853 294.362 0.894432 
30 573.548 312.643 0.935708 
31 572.242 329.618 0.790484 
32 552.655 354.428 0.909514 
33 563.101 359.651 0.872651 
34 574.853 363.568 0.897545 
35 586.605 360.957 0.881971 
36 598.357 355.734 0.846519 
37 504.342 290.445 0.974152 
38 516.094 281.305 0.933474 
39 534.374 279.999 0.921278 
40 552.655 289.139 0.840576 
41 534.374 293.057 0.837355 
42 516.094 295.668 0.840154 
43 615.332 291.751 0.910237 
44 628.39 281.305 0.979867 
45 647.977 281.305 0.94158 
46 659.729 290.445 0.972586 
47 647.977 294.362 0.880183 
48 628.39 294.362 0.903808 
49 531.763 414.493 0.840846 
50 543.515 396.213 0.929713 
51 560.49 387.072 0.844335 
52 574.853 393.601 0.911199 
53 586.605 388.378 0.880561 
54 607.498 396.213 0.899809 
55 628.39 415.799 0.899438 
56 608.803 427.551 0.907674 
57 589.217 434.08 0.843135 
58 574.853 435.386 0.897259 
59 560.49 432.774 0.812226 
60 544.821 426.245 0.906509 
61 536.986 413.188 0.821647 
62 559.184 406.659 0.868994 
63 574.853 406.659 0.933698 
64 586.605 406.659 0.900325 
65 619.25 414.493 0.844136 
66 586.605 406.659 0.870165 
67 574.853 407.965 0.885508 
68 560.49 406.659 0.840995 
69 525.234 285.222 0.750002 
70 637.53 289.139 0.889605 
