1 473.574 292.381 0.826503 
2 473.574 325.051 0.840099 
3 478.801 356.414 0.766778 
4 482.721 389.083 0.782894 
5 493.175 419.139 0.785227 
6 507.55 447.889 0.774982 
7 524.538 470.104 0.814343 
8 548.06 491.013 0.787418 
9 579.423 500.16 0.786869 
10 616.013 492.319 0.791193 
11 644.762 477.945 0.794176 
12 669.591 454.423 0.796944 
13 686.579 426.98 0.829598 
14 699.647 395.617 0.824732 
15 703.568 364.254 0.848217 
16 710.102 332.892 0.882417 
17 712.715 300.222 0.808672 
18 484.028 259.712 0.920897 
19 499.709 247.951 0.840945 
20 518.004 241.417 0.848014 
21 537.606 246.644 0.850122 
22 555.901 254.485 0.884368 
23 597.718 251.871 0.862218 
24 619.933 245.337 0.849398 
25 647.376 240.11 0.915701 
26 670.898 247.951 0.902529 
27 690.5 262.325 0.871616 
28 576.81 276.7 0.903306 
29 575.503 292.381 0.916225 
30 574.196 311.983 0.8779 
31 571.582 326.358 0.789296 
32 550.674 353.8 0.884044 
33 561.128 355.107 0.872931 
34 574.196 360.334 0.855097 
35 585.957 356.414 0.929771 
36 597.718 355.107 0.919833 
37 504.936 283.234 0.91814 
38 519.311 272.78 0.827534 
39 536.299 274.086 0.841526 
40 553.288 287.154 0.866858 
41 536.299 291.075 0.894617 
42 519.311 291.075 0.877006 
43 613.4 287.154 0.828553 
44 629.081 275.393 0.85961 
45 648.683 278.007 0.897428 
46 660.444 287.154 0.937498 
47 648.683 291.075 0.976212 
48 629.081 291.075 0.925212 
49 531.072 408.685 0.848835 
50 544.14 395.617 0.935438 
51 558.515 385.163 0.876211 
52 574.196 387.777 0.888544 
53 587.264 385.163 0.962044 
54 608.172 395.617 0.928145 
55 627.774 413.912 0.861211 
56 608.172 426.98 0.933137 
57 588.571 430.9 0.861495 
58 575.503 432.207 0.862657 
59 559.821 429.594 0.846752 
60 544.14 425.673 0.894791 
61 536.299 408.685 0.863205 
62 559.821 404.765 0.878178 
63 574.196 406.072 0.909177 
64 587.264 404.765 0.901281 
65 617.32 411.299 0.837069 
66 587.264 407.378 0.89143 
67 575.503 407.378 0.876209 
68 559.821 407.378 0.86789 
69 531.072 280.62 0.782854 
70 639.535 280.62 0.880101 
