1 475.221 293.166 0.875272 
2 475.221 325.301 0.933955 
3 477.792 356.151 0.826303 
4 485.504 388.287 0.824077 
5 495.788 417.851 0.769821 
6 508.642 447.416 0.810157 
7 527.923 470.553 0.802793 
8 551.06 491.12 0.76926 
9 584.481 498.832 0.788846 
10 619.188 493.691 0.804324 
11 647.467 478.266 0.822749 
12 670.604 455.128 0.812346 
13 687.314 426.849 0.829035 
14 700.169 395.999 0.82539 
15 704.025 365.149 0.850235 
16 710.452 334.299 0.87541 
17 713.023 302.164 0.806207 
18 486.79 262.316 0.94585 
19 499.644 246.891 0.814683 
20 520.211 243.035 0.881166 
21 540.777 246.891 0.842277 
22 560.058 254.604 0.868383 
23 599.906 253.318 0.876085 
24 624.329 244.32 0.847302 
25 650.037 241.749 0.948716 
26 674.46 248.176 0.83935 
27 691.171 264.887 0.896568 
28 579.34 276.456 0.910221 
29 578.054 294.451 0.95225 
30 578.054 312.447 0.850203 
31 575.483 326.587 0.804553 
32 553.631 354.866 0.890571 
33 565.2 357.437 0.8837 
34 578.054 361.293 0.880686 
35 588.338 357.437 0.939674 
36 599.906 354.866 0.909846 
37 507.356 284.168 0.95275 
38 521.496 275.17 0.827918 
39 540.777 275.17 0.847437 
40 556.202 288.024 0.85105 
41 539.492 293.166 0.878357 
42 521.496 293.166 0.856603 
43 616.617 288.024 0.836311 
44 630.756 276.456 0.857906 
45 651.323 277.741 0.893833 
46 662.892 288.024 0.908804 
47 650.037 293.166 0.977195 
48 630.756 293.166 0.901079 
49 533.065 411.424 0.81153 
50 547.204 395.999 0.944496 
51 562.629 387.001 0.873983 
52 578.054 389.572 0.891455 
53 589.623 387.001 0.933044 
54 610.19 395.999 0.926535 
55 630.756 412.71 0.859134 
56 612.76 426.849 0.90514 
57 593.479 431.991 0.840152 
58 578.054 434.562 0.892034 
59 563.915 431.991 0.820678 
60 547.204 426.849 0.916293 
61 539.492 408.853 0.858144 
62 563.915 406.283 0.880239 
63 578.054 406.283 0.940139 
64 590.908 406.283 0.898905 
65 620.473 411.424 0.843416 
66 590.908 407.568 0.880645 
67 578.054 407.568 0.900837 
68 563.915 407.568 0.868138 
69 535.635 282.883 0.776255 
70 641.04 282.883 0.85309 
