1 479.089 294.956 0.847879 
2 480.371 327.015 0.891465 
3 482.936 357.793 0.793401 
4 490.63 391.135 0.79369 
5 500.889 420.63 0.76224 
6 517.56 450.125 0.781054 
7 534.232 474.491 0.740653 
8 559.879 493.726 0.793812 
9 591.939 500.138 0.83506 
10 625.281 493.726 0.806851 
11 653.494 478.338 0.873734 
12 675.295 452.69 0.816172 
13 694.531 427.042 0.836998 
14 706.072 396.265 0.823426 
15 713.767 365.487 0.807152 
16 716.331 330.863 0.815526 
17 720.179 296.238 0.753585 
18 491.913 261.613 0.835109 
19 508.584 246.225 0.863757 
20 529.102 243.66 0.893567 
21 550.903 246.225 0.899144 
22 570.139 255.201 0.888374 
23 612.458 253.919 0.887838 
24 634.258 243.66 0.923662 
25 657.341 235.966 0.865145 
26 684.272 243.66 0.913931 
27 698.378 261.613 0.843752 
28 589.375 279.567 0.830402 
29 585.527 296.238 0.846078 
30 584.245 315.474 0.893113 
31 582.963 333.427 0.832706 
32 562.444 357.793 0.947317 
33 572.703 360.358 0.923734 
34 584.245 364.205 0.894815 
35 598.351 360.358 0.846772 
36 611.175 357.793 0.886993 
37 512.431 292.391 0.90646 
38 526.537 285.979 0.910131 
39 541.926 284.696 0.940572 
40 559.879 291.108 0.823799 
41 541.926 294.956 0.897452 
42 527.82 296.238 0.888494 
43 623.999 293.673 0.929832 
44 640.67 285.979 0.901408 
45 654.777 287.261 0.930951 
46 671.448 293.673 0.875097 
47 654.777 296.238 0.953086 
48 639.388 296.238 0.910375 
49 540.644 415.5 0.869912 
50 552.185 398.829 0.967653 
51 571.421 388.57 0.956242 
52 584.245 393.7 0.882419 
53 600.916 388.57 0.923716 
54 621.434 398.829 0.903103 
55 640.67 416.783 0.833495 
56 622.717 429.607 0.952354 
57 602.198 436.019 0.902043 
58 585.527 437.301 0.836645 
59 571.421 434.736 0.857987 
60 553.468 428.324 0.880376 
61 548.338 412.936 0.823263 
62 571.421 409.089 0.953258 
63 584.245 409.089 0.945325 
64 602.198 409.089 0.927607 
65 631.693 415.5 0.833307 
66 602.198 409.089 0.919312 
67 584.245 409.089 0.904067 
68 571.421 409.089 0.952889 
69 534.232 287.261 0.797476 
70 645.8 291.108 0.833589 
