1 470.732 295.268 0.829691 
2 472.053 326.965 0.81986 
3 473.373 357.341 0.812593 
4 478.656 389.038 0.768492 
5 487.901 419.414 0.764659 
6 505.07 449.791 0.794498 
7 523.56 472.243 0.786494 
8 547.333 493.374 0.851188 
9 579.03 499.978 0.79321 
10 612.047 493.374 0.861104 
11 642.424 476.205 0.807647 
12 664.876 452.432 0.832441 
13 684.686 426.018 0.818037 
14 695.252 395.642 0.808423 
15 701.855 363.945 0.784316 
16 705.818 329.606 0.823846 
17 707.138 293.947 0.811613 
18 478.656 260.93 0.854487 
19 493.184 249.043 0.911346 
20 512.994 245.081 0.824378 
21 532.805 249.043 0.880616 
22 549.974 258.288 0.894662 
23 590.916 254.326 0.822045 
24 613.368 246.402 0.831076 
25 641.103 239.798 0.909581 
26 664.876 247.723 0.904939 
27 683.366 262.25 0.878417 
28 569.785 279.42 0.896011 
29 568.464 292.627 0.897691 
30 567.143 311.116 0.862504 
31 565.823 325.644 0.813868 
32 547.333 356.02 0.92988 
33 557.898 358.662 0.892513 
34 568.464 362.624 0.881515 
35 580.35 357.341 0.887154 
36 592.237 356.02 0.875414 
37 499.787 289.985 0.89934 
38 512.994 280.74 0.924625 
39 528.843 280.74 0.875808 
40 547.333 289.985 0.903409 
41 528.843 293.947 0.847166 
42 514.315 295.268 0.84691 
43 605.444 289.985 0.863388 
44 621.292 280.74 0.947666 
45 641.103 280.74 0.936728 
46 654.31 289.985 0.938684 
47 642.424 293.947 0.900341 
48 621.292 292.627 0.927279 
49 526.201 410.169 0.897537 
50 538.088 396.962 1.00069 
51 556.578 387.717 0.901846 
52 568.464 390.359 0.904114 
53 581.671 387.717 0.891806 
54 602.802 396.962 0.881012 
55 623.934 408.849 0.881564 
56 606.765 426.018 0.818664 
57 586.954 429.98 0.848054 
58 569.785 431.301 0.899403 
59 557.898 429.98 0.899333 
60 538.088 427.339 0.842992 
61 532.805 410.169 0.860711 
62 556.578 407.528 0.912318 
63 569.785 407.528 0.96475 
64 584.313 407.528 0.854926 
65 614.689 408.849 0.850699 
66 584.313 408.849 0.845541 
67 569.785 408.849 0.945216 
68 556.578 408.849 0.924394 
69 523.56 284.702 0.776016 
70 631.858 283.382 0.853309 
