1 474.673 290.648 0.806629 
2 474.673 321.519 0.834847 
3 475.959 353.676 0.791931 
4 481.104 387.119 0.719831 
5 488.822 416.703 0.69049 
6 505.544 445.001 0.749203 
7 520.979 472.013 0.734962 
8 544.132 492.593 0.758246 
9 575.003 497.739 0.768077 
10 609.732 495.166 0.85431 
11 640.603 477.158 0.848267 
12 663.756 455.291 0.828952 
13 683.05 426.993 0.813982 
14 694.626 394.836 0.800078 
15 702.344 362.68 0.861602 
16 706.203 330.523 0.831382 
17 711.348 295.793 0.748611 
18 482.391 259.777 0.857748 
19 495.254 246.915 0.859818 
20 514.548 240.483 0.8588 
21 533.842 245.628 0.846035 
22 550.563 253.346 0.866111 
23 591.724 253.346 0.829523 
24 617.45 244.342 0.835302 
25 641.889 237.911 0.946169 
26 668.901 243.056 0.836545 
27 684.336 259.777 0.872807 
28 569.858 277.785 0.91938 
29 568.571 291.934 0.916231 
30 567.285 309.942 0.911184 
31 563.426 326.664 0.78793 
32 545.418 352.389 0.889498 
33 555.708 357.534 0.846727 
34 568.571 361.393 0.884394 
35 580.148 358.821 0.88637 
36 591.724 353.676 0.854234 
37 499.112 288.076 0.909761 
38 510.689 277.785 0.882478 
39 528.697 277.785 0.870547 
40 546.705 286.789 0.822299 
41 528.697 290.648 0.863164 
42 510.689 291.934 0.863196 
43 605.873 289.362 0.871473 
44 620.022 277.785 0.939206 
45 640.603 279.072 0.896591 
46 653.466 286.789 0.894708 
47 640.603 291.934 0.897556 
48 620.022 291.934 0.942409 
49 524.838 411.558 0.853092 
50 537.701 394.836 0.89703 
51 551.85 385.833 0.842507 
52 567.285 390.978 0.904817 
53 580.148 385.833 0.872863 
54 600.728 394.836 0.894347 
55 621.309 412.844 0.913195 
56 602.014 424.421 0.908204 
57 582.72 432.138 0.856254 
58 568.571 432.138 0.89181 
59 551.85 430.852 0.827463 
60 537.701 424.421 0.91867 
61 529.983 410.272 0.844473 
62 551.85 403.84 0.886011 
63 567.285 403.84 0.915451 
64 580.148 403.84 0.896395 
65 611.018 412.844 0.879238 
66 581.434 405.127 0.860846 
67 568.571 405.127 0.861044 
68 551.85 405.127 0.848361 
69 519.693 280.358 0.768717 
70 629.026 281.644 0.810561 
