1 465.558 295.867 0.814158 
2 460.322 324.663 0.855244 
3 460.322 356.077 0.79811 
4 466.867 387.491 0.849045 
5 477.338 418.904 0.82013 
6 495.663 446.392 0.718755 
7 512.679 471.261 0.780197 
8 538.857 493.512 0.811821 
9 570.271 501.366 0.782651 
10 602.993 492.203 0.834805 
11 633.098 473.879 0.788642 
12 656.658 450.318 0.844781 
13 676.292 424.14 0.79203 
14 686.763 392.726 0.787057 
15 694.617 361.313 0.767378 
16 697.235 328.59 0.8044 
17 698.543 294.558 0.781455 
18 469.485 260.527 0.837138 
19 481.265 243.511 0.812643 
20 499.59 239.584 0.929414 
21 519.223 242.202 0.9123 
22 538.857 251.364 0.89554 
23 580.742 251.364 0.849916 
24 602.993 240.893 0.912281 
25 627.862 236.966 0.846666 
26 655.35 243.511 0.872062 
27 674.983 261.836 0.860392 
28 557.182 277.543 0.834821 
29 554.564 293.249 0.891752 
30 551.946 312.883 0.897585 
31 551.946 329.899 0.864428 
32 529.695 356.077 0.923652 
33 541.475 360.004 0.862836 
34 557.182 365.239 0.853525 
35 571.58 357.386 0.899243 
36 584.669 354.768 0.898624 
37 487.809 288.014 0.915771 
38 498.281 277.543 0.883727 
39 516.605 274.925 0.821622 
40 531.003 284.087 0.888659 
41 517.914 291.941 0.868314 
42 499.59 291.941 0.968279 
43 593.831 286.705 0.898127 
44 609.538 274.925 0.857595 
45 625.245 274.925 0.891561 
46 643.569 282.778 0.922382 
47 626.554 290.632 0.892624 
48 610.847 290.632 0.870244 
49 508.752 401.889 0.891948 
50 524.459 390.109 0.803733 
51 542.784 384.873 0.874669 
52 561.108 386.182 0.945804 
53 574.197 383.564 0.838276 
54 599.067 387.491 0.857245 
55 623.936 397.962 0.898431 
56 602.993 418.904 0.902709 
57 580.742 429.376 0.878081 
58 561.108 430.685 0.89319 
59 544.092 430.685 0.855582 
60 527.077 424.14 0.810934 
61 517.914 403.198 0.846412 
62 542.784 396.653 0.934977 
63 561.108 396.653 0.934512 
64 575.506 395.344 0.835403 
65 613.465 397.962 0.87964 
66 576.815 408.433 0.838297 
67 561.108 409.742 0.877679 
68 544.092 409.742 0.819415 
69 508.752 281.469 0.838227 
70 616.082 281.469 0.88865 
