1 468.067 297.928 0.818163 
2 468.067 329.439 0.808124 
3 474.631 359.636 0.766414 
4 478.57 389.834 0.777536 
5 487.761 420.032 0.781909 
6 506.142 450.23 0.78291 
7 521.898 472.55 0.770671 
8 548.156 493.557 0.814686 
9 579.667 501.434 0.768861 
10 612.491 493.557 0.857878 
11 642.688 475.175 0.798552 
12 666.321 451.542 0.847875 
13 684.703 425.284 0.785892 
14 696.519 393.773 0.786363 
15 701.771 362.262 0.761999 
16 707.023 328.126 0.818776 
17 707.023 293.989 0.832775 
18 477.257 262.478 0.926625 
19 491.7 249.349 0.839663 
20 510.081 242.784 0.855336 
21 531.088 249.349 0.868586 
22 550.782 254.601 0.895206 
23 592.797 251.975 0.867504 
24 615.117 242.784 0.856029 
25 642.688 240.158 0.907937 
26 666.321 248.036 0.889936 
27 684.703 262.478 0.882906 
28 570.476 276.921 0.881287 
29 569.164 293.989 0.890078 
30 566.538 309.744 0.795243 
31 562.599 325.5 0.854251 
32 546.843 355.697 0.878356 
33 557.347 357.01 0.85887 
34 569.164 359.636 0.831369 
35 580.98 357.01 0.936707 
36 592.797 355.697 0.901682 
37 498.264 290.05 0.902298 
38 510.081 280.86 0.883438 
39 529.775 279.547 0.896312 
40 546.843 288.737 0.837838 
41 529.775 293.989 0.904697 
42 511.394 295.302 0.850424 
43 604.613 290.05 0.87604 
44 622.994 279.547 0.912658 
45 641.375 279.547 0.855369 
46 654.505 287.424 0.923184 
47 641.375 293.989 0.895679 
48 622.994 293.989 0.964939 
49 524.523 410.841 0.852683 
50 538.966 397.712 0.939509 
51 553.408 387.208 0.86887 
52 569.164 389.834 0.879582 
53 582.293 387.208 0.936507 
54 603.3 396.399 0.867984 
55 624.307 409.528 0.906639 
56 604.613 427.909 0.821694 
57 584.919 431.848 0.851113 
58 570.476 433.161 0.878831 
59 554.721 431.848 0.845943 
60 538.966 427.909 0.879927 
61 531.088 410.841 0.870311 
62 553.408 408.215 0.887725 
63 569.164 408.215 0.909104 
64 582.293 406.902 0.881483 
65 613.804 409.528 0.891516 
66 582.293 408.215 0.89095 
67 570.476 409.528 0.889518 
68 554.721 409.528 0.885806 
69 520.585 283.485 0.810262 
70 632.185 283.485 0.837359 
