1 484.144 286.49 0.786717 
2 482.85 318.848 0.865231 
3 485.439 349.911 0.765008 
4 491.91 383.564 0.792307 
5 499.676 413.333 0.74061 
6 513.914 443.102 0.84647 
7 533.328 466.4 0.789194 
8 555.332 485.815 0.850599 
9 586.395 493.58 0.84611 
10 622.636 488.403 0.763426 
11 651.111 472.871 0.823781 
12 676.997 452.162 0.796986 
13 692.529 422.393 0.793553 
14 706.767 392.624 0.771349 
15 711.944 361.56 0.78721 
16 718.415 330.497 0.816733 
17 721.004 298.139 0.800448 
18 494.499 255.426 0.898404 
19 511.325 238.6 0.860369 
20 532.034 234.717 0.891269 
21 552.743 237.306 0.888924 
22 570.863 246.366 0.868166 
23 610.987 246.366 0.848374 
24 635.579 236.012 0.896166 
25 658.877 233.423 0.873624 
26 686.057 241.189 0.806083 
27 700.295 259.309 0.874495 
28 590.278 270.958 0.859396 
29 587.69 287.784 0.902702 
30 586.395 307.199 0.92125 
31 585.101 325.319 0.843709 
32 563.098 349.911 0.924254 
33 573.452 351.206 0.905662 
34 585.101 356.383 0.910119 
35 596.75 352.5 0.910845 
36 608.399 349.911 0.888896 
37 515.208 277.43 0.952026 
38 529.445 267.075 0.881754 
39 547.566 268.37 0.848794 
40 564.392 282.607 0.870625 
41 546.271 286.49 0.895678 
42 528.151 286.49 0.891301 
43 625.225 282.607 0.839238 
44 638.168 268.37 0.91983 
45 658.877 270.958 0.903447 
46 671.82 282.607 0.885267 
47 658.877 287.784 0.95765 
48 638.168 287.784 0.956135 
49 538.506 404.273 0.812063 
50 554.037 390.035 0.965103 
51 569.569 380.975 0.872253 
52 585.101 386.152 0.883556 
53 596.75 380.975 0.918263 
54 617.459 391.33 0.939973 
55 636.874 409.45 0.880113 
56 617.459 421.099 0.904909 
57 598.044 422.393 0.90644 
58 585.101 423.687 0.912995 
59 568.275 422.393 0.884346 
60 554.037 418.51 0.872728 
61 544.977 402.978 0.877852 
62 569.569 400.39 0.883148 
63 585.101 401.684 0.929268 
64 596.75 400.39 0.908886 
65 627.813 406.861 0.862206 
66 596.75 400.39 0.911656 
67 585.101 401.684 0.915878 
68 569.569 400.39 0.895196 
69 541.094 276.135 0.781423 
70 648.522 277.43 0.895769 
