1 466.254 297.366 0.815389 
2 466.254 328.844 0.836693 
3 472.812 359.011 0.811189 
4 476.746 390.489 0.800087 
5 487.239 419.345 0.781561 
6 505.601 449.511 0.820387 
7 525.275 473.12 0.757352 
8 547.572 494.105 0.826324 
9 579.051 501.975 0.843338 
10 613.152 494.105 0.807541 
11 643.319 477.055 0.816397 
12 664.304 450.823 0.844363 
13 683.978 423.279 0.780643 
14 694.471 393.113 0.788312 
15 698.406 360.323 0.777576 
16 703.652 328.844 0.798345 
17 704.964 294.743 0.805378 
18 475.435 261.953 0.882353 
19 488.551 248.837 0.855618 
20 508.225 242.279 0.863455 
21 529.21 248.837 0.867352 
22 548.884 254.084 0.892094 
23 589.544 251.46 0.852276 
24 611.841 242.279 0.879111 
25 638.073 239.656 0.88125 
26 662.993 247.526 0.880882 
27 682.667 263.265 0.855754 
28 568.558 276.381 0.855569 
29 567.246 293.431 0.869419 
30 564.623 311.794 0.814172 
31 562 324.91 0.808081 
32 544.949 355.076 0.870548 
33 556.754 357.7 0.876972 
34 568.558 360.323 0.891138 
35 580.362 356.388 0.92074 
36 593.478 355.076 0.840195 
37 497.732 289.497 0.893025 
38 509.536 280.315 0.882958 
39 527.899 280.315 0.906631 
40 543.638 288.185 0.833379 
41 527.899 292.12 0.953296 
42 509.536 293.431 0.885216 
43 602.659 286.873 0.874264 
44 621.022 277.692 0.896034 
45 639.384 279.004 0.855379 
46 653.812 285.562 0.936569 
47 639.384 292.12 0.900088 
48 621.022 292.12 0.917293 
49 525.275 408.852 0.908915 
50 538.391 398.359 0.956204 
51 556.754 391.801 0.859741 
52 568.558 397.047 0.936884 
53 581.674 390.489 0.843047 
54 601.348 397.047 0.933559 
55 622.333 407.54 0.913472 
56 603.971 420.656 0.837848 
57 586.92 429.837 0.854803 
58 569.87 429.837 0.921376 
59 558.065 429.837 0.933451 
60 539.703 424.591 0.830197 
61 530.522 408.852 0.858105 
62 556.754 407.54 0.915678 
63 568.558 408.852 0.955235 
64 582.986 407.54 0.872381 
65 613.152 407.54 0.880241 
66 581.674 407.54 0.877172 
67 569.87 408.852 0.943264 
68 556.754 407.54 0.924645 
69 518.717 282.939 0.83617 
70 631.515 281.627 0.868904 
