1 478.503 287.141 0.786773 
2 477.19 321.292 0.775712 
3 481.13 354.13 0.73993 
4 485.071 385.654 0.780305 
5 494.265 417.178 0.747274 
6 507.4 443.448 0.75568 
7 525.789 468.405 0.78859 
8 548.119 489.421 0.823634 
9 579.643 494.675 0.824373 
10 613.794 492.048 0.787843 
11 644.005 473.659 0.829126 
12 670.275 451.329 0.80617 
13 686.037 426.372 0.779204 
14 699.172 396.162 0.777645 
15 705.739 364.638 0.836358 
16 712.307 333.114 0.808664 
17 714.934 300.276 0.792341 
18 485.071 254.304 0.855187 
19 496.892 239.855 0.901394 
20 516.595 231.974 0.883736 
21 537.611 238.542 0.8872 
22 557.313 246.423 0.894854 
23 600.659 245.109 0.827174 
24 624.302 235.915 0.83924 
25 651.886 230.661 0.927066 
26 674.215 241.169 0.903928 
27 693.918 260.871 0.915938 
28 578.329 271.379 0.938641 
29 577.016 288.455 0.844442 
30 571.762 304.217 0.844978 
31 569.135 323.919 0.882037 
32 549.432 347.562 0.886518 
33 558.627 354.13 0.91353 
34 570.448 355.443 0.929863 
35 586.21 354.13 0.871043 
36 599.346 350.189 0.845666 
37 506.087 276.633 0.896306 
38 517.908 263.498 0.85151 
39 537.611 263.498 0.87243 
40 553.373 279.26 0.849368 
41 537.611 281.887 0.93053 
42 517.908 281.887 0.901611 
43 613.794 281.887 0.853322 
44 630.87 266.125 0.880616 
45 650.572 268.752 0.859984 
46 663.707 281.887 0.937368 
47 650.572 283.201 0.902434 
48 630.87 283.201 0.941904 
49 527.103 407.983 0.888054 
50 538.924 389.594 0.850997 
51 557.313 381.713 0.884722 
52 570.448 386.967 0.89844 
53 588.837 381.713 0.869565 
54 608.54 390.908 0.84999 
55 628.243 407.983 0.862098 
56 609.854 419.805 0.935116 
57 588.837 427.686 0.898378 
58 571.762 427.686 0.841838 
59 558.627 426.372 0.884516 
60 541.551 419.805 0.857103 
61 536.297 406.67 0.870751 
62 557.313 398.789 0.934121 
63 570.448 400.102 0.912098 
64 588.837 398.789 0.909242 
65 619.048 407.983 0.870187 
66 588.837 400.102 0.884771 
67 570.448 400.102 0.872587 
68 557.313 400.102 0.900759 
69 529.73 271.379 0.780386 
70 641.378 272.693 0.881962 
