1 471.599 297.455 0.824447 
2 471.599 328.907 0.807317 
3 475.531 360.359 0.808959 
4 479.462 390.5 0.753872 
5 488.636 418.021 0.732344 
6 505.672 446.852 0.800842 
7 522.709 469.131 0.736133 
8 547.609 490.099 0.801965 
9 579.061 497.962 0.81505 
10 613.134 490.099 0.831439 
11 643.275 475.683 0.848627 
12 665.554 450.784 0.816923 
13 685.211 424.574 0.851662 
14 695.695 393.121 0.864718 
15 700.937 361.669 0.840244 
16 706.179 330.217 0.8994 
17 707.49 297.455 0.820992 
18 478.152 258.14 0.886297 
19 495.188 246.345 0.893968 
20 513.535 241.103 0.822629 
21 534.504 246.345 0.875948 
22 551.54 255.519 0.901067 
23 592.166 252.898 0.827452 
24 615.755 243.724 0.82848 
25 643.275 237.172 0.920446 
26 665.554 246.345 0.899082 
27 685.211 262.071 0.84414 
28 571.198 276.487 0.906115 
29 569.887 289.592 0.913109 
30 568.577 307.939 0.863347 
31 567.266 321.044 0.839782 
32 548.919 352.496 0.926004 
33 559.403 353.806 0.894701 
34 569.887 357.738 0.879678 
35 581.682 353.806 0.910542 
36 594.787 352.496 0.888184 
37 499.12 286.971 0.899962 
38 512.225 276.487 0.885623 
39 529.262 275.176 0.878985 
40 547.609 286.971 0.879911 
41 529.262 289.592 0.886122 
42 513.535 290.902 0.840074 
43 606.581 286.971 0.867623 
44 622.307 275.176 0.91548 
45 641.965 275.176 0.872584 
46 655.07 284.35 0.919891 
47 643.275 289.592 0.918409 
48 622.307 289.592 0.96492 
49 527.951 408.848 0.871059 
50 539.746 393.121 0.987895 
51 556.782 383.948 0.884527 
52 569.887 386.569 0.908193 
53 581.682 383.948 0.916689 
54 602.65 393.121 0.911066 
55 623.618 407.537 0.872242 
56 605.271 424.574 0.857239 
57 586.924 427.195 0.826104 
58 571.198 429.816 0.882573 
59 558.093 427.195 0.86548 
60 539.746 424.574 0.884106 
61 534.504 407.537 0.831957 
62 558.093 403.606 0.90149 
63 569.887 403.606 0.956986 
64 582.992 402.295 0.869837 
65 614.444 407.537 0.844876 
66 584.303 404.916 0.848486 
67 569.887 404.916 0.923331 
68 558.093 404.916 0.881637 
69 522.709 279.108 0.795266 
70 632.791 279.108 0.873467 
