1 479.039 293.472 0.811174 
2 479.039 325.629 0.878231 
3 481.612 357.786 0.783778 
4 489.329 388.657 0.805313 
5 499.62 419.528 0.783129 
6 515.055 450.399 0.774101 
7 531.777 473.552 0.76367 
8 557.502 494.133 0.774112 
9 589.66 500.564 0.796175 
10 621.817 494.133 0.815116 
11 652.688 478.697 0.841879 
12 674.554 454.258 0.812387 
13 693.849 428.532 0.836899 
14 705.425 397.661 0.850457 
15 713.143 366.79 0.827778 
16 715.716 333.347 0.824096 
17 719.574 297.331 0.753349 
18 490.616 260.029 0.819143 
19 508.624 245.879 0.871416 
20 529.204 243.307 0.896502 
21 549.785 245.879 0.886936 
22 567.793 254.883 0.871743 
23 610.24 253.597 0.866202 
24 632.107 244.593 0.927175 
25 655.26 236.875 0.86508 
26 682.272 243.307 0.895111 
27 696.421 261.315 0.858929 
28 587.087 279.323 0.823265 
29 583.228 296.045 0.881779 
30 581.942 315.339 0.926273 
31 581.942 333.347 0.86814 
32 560.075 357.786 0.936426 
33 570.365 360.359 0.920423 
34 581.942 365.504 0.930441 
35 593.518 360.359 0.851487 
36 607.668 357.786 0.856754 
37 509.91 292.186 0.928616 
38 522.773 285.754 0.937176 
39 540.781 285.754 0.941491 
40 557.502 289.613 0.807286 
41 540.781 294.758 0.884447 
42 522.773 296.045 0.891436 
43 623.103 293.472 0.936914 
44 637.252 285.754 0.894629 
45 653.974 287.041 0.933746 
46 668.123 293.472 0.87107 
47 653.974 296.045 0.963056 
48 635.966 296.045 0.920299 
49 538.208 414.383 0.829682 
50 549.785 398.947 0.982431 
51 569.079 388.657 0.905792 
52 581.942 393.802 0.908543 
53 597.377 388.657 0.873852 
54 617.958 398.947 0.875066 
55 634.68 415.669 0.839217 
56 620.53 429.818 0.899804 
57 599.95 437.536 0.877073 
58 581.942 437.536 0.899274 
59 569.079 436.25 0.826564 
60 551.071 428.532 0.906032 
61 543.353 413.097 0.820704 
62 569.079 409.238 0.904507 
63 581.942 409.238 0.974371 
64 598.664 409.238 0.887489 
65 625.676 415.669 0.803062 
66 598.664 409.238 0.865799 
67 581.942 410.524 0.922405 
68 569.079 409.238 0.900973 
69 530.49 288.327 0.806749 
70 643.684 290.899 0.846135 
