1 467.262 297.046 0.801881 
2 465.943 328.694 0.835304 
3 471.218 359.023 0.779723 
4 475.174 390.671 0.801562 
5 485.723 419.682 0.770326 
6 504.185 450.011 0.796386 
7 521.327 472.428 0.745956 
8 546.382 494.845 0.808851 
9 578.029 501.438 0.823645 
10 610.996 493.526 0.829908 
11 641.325 476.384 0.779359 
12 663.742 451.329 0.816354 
13 679.566 424.956 0.76612 
14 691.434 394.627 0.7727 
15 696.709 362.979 0.845827 
16 701.984 331.331 0.79747 
17 704.621 297.046 0.768684 
18 475.174 261.442 0.865703 
19 488.361 248.256 0.877843 
20 508.141 241.662 0.852679 
21 527.92 248.256 0.910481 
22 547.7 256.168 0.906031 
23 589.897 252.212 0.81265 
24 612.315 242.981 0.866293 
25 636.051 239.025 0.887977 
26 663.742 246.937 0.887428 
27 679.566 261.442 0.83605 
28 567.48 277.266 0.857593 
29 566.162 291.771 0.843444 
30 563.524 310.233 0.840633 
31 560.887 324.738 0.828017 
32 542.426 355.067 0.875591 
33 554.294 357.704 0.839254 
34 568.799 361.66 0.860315 
35 580.667 356.386 0.908726 
36 592.535 353.749 0.878563 
37 496.273 289.134 0.92009 
38 508.141 279.904 0.908396 
39 527.92 278.585 0.933792 
40 542.426 287.815 0.843721 
41 527.92 291.771 0.953136 
42 509.459 291.771 0.887275 
43 603.084 287.815 0.881032 
44 621.545 278.585 0.911744 
45 638.688 278.585 0.875827 
46 653.193 286.497 0.936161 
47 638.688 290.453 0.891522 
48 621.545 290.453 0.919145 
49 522.646 407.814 0.881136 
50 537.151 395.946 0.95993 
51 554.294 386.715 0.874595 
52 568.799 388.034 0.926487 
53 581.985 385.396 0.914959 
54 603.084 393.308 0.850704 
55 624.183 406.495 0.898452 
56 608.359 423.637 0.820316 
57 588.579 430.231 0.845932 
58 570.118 434.187 0.878161 
59 556.931 431.549 0.857604 
60 538.47 427.593 0.89212 
61 529.239 407.814 0.876471 
62 555.612 403.858 0.827029 
63 568.799 403.858 0.909035 
64 583.304 399.902 0.83239 
65 614.952 406.495 0.85059 
66 585.941 407.814 0.852665 
67 570.118 410.451 0.897336 
68 555.612 409.132 0.82216 
69 518.69 281.222 0.834851 
70 630.776 281.222 0.836661 
