1 473.841 292.273 0.82242 
2 473.841 323.384 0.816454 
3 476.433 355.792 0.77722 
4 480.322 388.2 0.747953 
5 489.397 418.016 0.746476 
6 506.249 447.831 0.756585 
7 521.804 469.868 0.757298 
8 546.435 491.906 0.753322 
9 576.25 499.684 0.776334 
10 612.547 494.498 0.804328 
11 643.658 477.646 0.861923 
12 665.696 455.609 0.830772 
13 685.141 427.09 0.851491 
14 696.807 395.978 0.87368 
15 705.882 363.57 0.878558 
16 707.178 332.459 0.868968 
17 708.474 294.865 0.76343 
18 479.026 259.865 0.914105 
19 493.285 246.902 0.808073 
20 511.434 240.42 0.880921 
21 532.175 245.605 0.847636 
22 551.62 253.383 0.89837 
23 593.102 252.087 0.866621 
24 615.139 244.309 0.848831 
25 643.658 239.124 0.926548 
26 666.992 244.309 0.861912 
27 685.141 261.161 0.910742 
28 571.065 276.717 0.907808 
29 569.768 292.273 0.892054 
30 567.176 311.718 0.878068 
31 563.287 327.273 0.806441 
32 545.138 354.496 0.892864 
33 555.509 355.792 0.848425 
34 568.472 362.274 0.847639 
35 581.435 357.089 0.890408 
36 593.102 354.496 0.90103 
37 499.767 284.495 0.917358 
38 510.138 272.828 0.898208 
39 529.582 272.828 0.88479 
40 543.842 283.199 0.834328 
41 529.582 290.976 0.887011 
42 511.434 290.976 0.942574 
43 604.769 289.68 0.882586 
44 621.621 274.124 0.863518 
45 641.066 274.124 0.816113 
46 655.325 283.199 0.924829 
47 642.362 292.273 0.909655 
48 622.917 292.273 0.965854 
49 525.693 414.127 0.817752 
50 538.657 395.978 0.919175 
51 552.916 385.608 0.907556 
52 568.472 389.497 0.853492 
53 582.731 385.608 0.950465 
54 603.472 395.978 0.941781 
55 622.917 414.127 0.878109 
56 603.472 427.09 0.930978 
57 584.028 432.275 0.855493 
58 569.768 433.571 0.84927 
59 552.916 430.979 0.837863 
60 539.953 425.794 0.91184 
61 532.175 411.534 0.825535 
62 552.916 405.052 0.913533 
63 569.768 405.052 0.897238 
64 582.731 405.052 0.919317 
65 613.843 412.83 0.850058 
66 582.731 406.349 0.899685 
67 569.768 406.349 0.859211 
68 552.916 406.349 0.882175 
69 520.508 280.606 0.824382 
70 629.399 280.606 0.780454 
