1 480.484 293.191 0.854022 
2 480.484 324.023 0.855416 
3 484.339 356.141 0.761435 
4 490.762 389.543 0.789806 
5 501.04 417.806 0.765079 
6 516.456 447.354 0.778134 
7 533.157 469.194 0.759251 
8 560.136 489.749 0.799618 
9 592.253 497.457 0.833197 
10 624.37 489.749 0.841111 
11 653.918 474.333 0.842273 
12 675.758 449.923 0.820556 
13 695.029 424.23 0.826827 
14 705.306 394.682 0.814736 
15 713.014 362.564 0.7843 
16 715.584 327.877 0.81602 
17 716.868 293.191 0.780489 
18 493.331 258.504 0.836475 
19 510.032 243.088 0.89013 
20 530.588 240.518 0.914448 
21 549.858 243.088 0.885972 
22 569.128 252.08 0.866867 
23 608.954 252.08 0.848471 
24 632.078 241.803 0.892539 
25 655.203 237.949 0.879451 
26 679.612 241.803 0.866677 
27 696.313 259.789 0.906892 
28 585.829 275.205 0.85037 
29 583.26 293.191 0.931483 
30 581.975 309.892 0.862038 
31 581.975 325.308 0.842381 
32 560.136 353.571 0.89504 
33 571.698 354.856 0.926365 
34 581.975 359.995 0.890368 
35 594.822 354.856 0.90395 
36 607.669 353.571 0.860496 
37 513.887 286.767 0.879763 
38 529.303 280.344 0.874635 
39 544.719 280.344 0.834538 
40 561.42 289.337 0.860491 
41 544.719 293.191 0.839225 
42 528.018 293.191 0.879801 
43 621.801 290.621 0.874414 
44 634.648 281.628 0.964861 
45 653.918 282.913 0.978124 
46 666.765 290.621 0.909492 
47 653.918 294.475 0.930713 
48 634.648 293.191 0.943511 
49 539.58 408.813 0.851954 
50 552.427 394.682 0.975013 
51 570.413 384.404 0.910396 
52 583.26 386.973 0.929194 
53 597.392 384.404 0.878245 
54 619.232 394.682 0.840483 
55 637.217 410.098 0.823217 
56 620.516 422.945 0.838583 
57 601.246 426.799 0.889485 
58 583.26 426.799 0.896718 
59 571.698 426.799 0.914658 
60 552.427 422.945 0.842235 
61 547.289 407.529 0.839641 
62 570.413 404.959 0.903848 
63 583.26 404.959 0.952844 
64 599.961 404.959 0.864036 
65 628.224 407.529 0.811526 
66 599.961 404.959 0.859639 
67 583.26 404.959 0.958797 
68 570.413 404.959 0.917232 
69 539.58 284.198 0.758685 
70 643.641 286.767 0.895043 
