1 474.082 294.044 0.833268 
2 474.082 325.102 0.859845 
3 477.965 357.454 0.750312 
4 483.141 388.513 0.790813 
5 492.2 418.277 0.773256 
6 506.435 448.041 0.774815 
7 524.552 470.041 0.81213 
8 547.846 490.746 0.786862 
9 577.61 499.805 0.793592 
10 615.139 492.04 0.794424 
11 644.903 477.805 0.793805 
12 668.197 453.218 0.801317 
13 687.608 427.336 0.830534 
14 699.255 396.277 0.821849 
15 704.432 365.219 0.810415 
16 709.608 332.867 0.843507 
17 710.902 296.632 0.791078 
18 483.141 260.397 0.904503 
19 497.376 246.162 0.807611 
20 515.493 242.28 0.870743 
21 536.199 244.868 0.858715 
22 555.61 252.633 0.928528 
23 597.022 252.633 0.894845 
24 619.021 243.574 0.870609 
25 646.197 240.986 0.918093 
26 669.491 247.456 0.873697 
27 688.902 262.985 0.912054 
28 575.022 274.632 0.929208 
29 573.728 294.044 0.916368 
30 571.14 312.161 0.825374 
31 568.551 326.396 0.817949 
32 547.846 354.866 0.875629 
33 558.199 356.16 0.878752 
34 572.434 360.043 0.832811 
35 585.375 356.16 0.934702 
36 597.022 354.866 0.916713 
37 503.847 283.691 0.980301 
38 515.493 273.338 0.89897 
39 534.905 273.338 0.898555 
40 551.728 286.279 0.844189 
41 534.905 291.455 0.894006 
42 515.493 292.75 0.887637 
43 611.257 286.279 0.833062 
44 626.786 274.632 0.927734 
45 647.491 275.926 0.891204 
46 659.138 284.985 0.959008 
47 647.491 292.75 0.947061 
48 626.786 291.455 0.918997 
49 527.14 409.218 0.860151 
50 542.669 396.277 0.892611 
51 556.905 385.925 0.904344 
52 572.434 387.219 0.88112 
53 585.375 385.925 0.96622 
54 607.374 396.277 0.905074 
55 626.786 413.101 0.855513 
56 607.374 427.336 0.93004 
57 587.963 431.218 0.873239 
58 573.728 432.512 0.838789 
59 556.905 429.924 0.867601 
60 543.964 426.042 0.878219 
61 534.905 407.924 0.890556 
62 556.905 405.336 0.893503 
63 573.728 406.63 0.886674 
64 586.669 405.336 0.90323 
65 616.433 410.512 0.84893 
66 586.669 406.63 0.910299 
67 573.728 407.924 0.866441 
68 556.905 407.924 0.89131 
69 527.14 281.103 0.782789 
70 637.139 282.397 0.882456 
