1 477.313 293.688 0.807107 
2 479.901 326.036 0.819241 
3 483.783 358.383 0.786524 
4 486.37 390.731 0.748908 
5 495.428 419.197 0.730174 
6 513.543 448.957 0.769518 
7 529.069 472.247 0.746122 
8 553.654 492.95 0.756109 
9 583.414 499.42 0.775482 
10 618.349 495.538 0.799691 
11 648.109 478.717 0.839723 
12 671.4 455.427 0.81519 
13 690.808 426.961 0.835526 
14 701.159 395.907 0.854424 
15 710.217 364.853 0.84213 
16 712.805 331.211 0.836147 
17 712.805 293.688 0.794725 
18 486.37 261.34 0.894146 
19 503.191 247.107 0.812955 
20 522.6 241.931 0.868412 
21 542.009 247.107 0.829679 
22 560.123 254.871 0.832284 
23 600.234 253.577 0.859953 
24 624.819 243.225 0.846256 
25 649.403 239.344 0.937247 
26 673.987 243.225 0.868101 
27 692.102 261.34 0.962649 
28 578.238 279.455 0.887031 
29 576.944 294.982 0.913825 
30 575.65 313.097 0.916115 
31 573.062 331.211 0.785935 
32 553.654 355.796 0.878963 
33 564.005 360.971 0.848556 
34 576.944 364.853 0.891359 
35 588.589 362.265 0.878605 
36 600.234 357.089 0.846099 
37 505.779 291.1 0.961895 
38 517.424 282.043 0.930505 
39 536.833 282.043 0.901023 
40 553.654 289.806 0.822021 
41 536.833 293.688 0.864048 
42 517.424 294.982 0.858771 
43 615.761 292.394 0.888094 
44 629.994 283.337 0.997976 
45 648.109 283.337 0.928112 
46 661.048 291.1 0.951726 
47 648.109 294.982 0.89241 
48 629.994 293.688 0.947846 
49 531.657 415.315 0.826305 
50 544.596 397.201 0.910586 
51 560.123 386.849 0.872517 
52 576.944 393.319 0.877108 
53 588.589 388.143 0.898695 
54 609.292 397.201 0.914978 
55 629.994 415.315 0.880181 
56 610.586 428.255 0.904722 
57 591.177 433.43 0.834471 
58 576.944 434.724 0.88167 
59 560.123 432.136 0.821888 
60 545.89 426.961 0.917917 
61 538.127 412.728 0.839623 
62 560.123 407.552 0.896537 
63 576.944 407.552 0.920559 
64 589.883 407.552 0.894598 
65 619.643 415.315 0.839446 
66 589.883 407.552 0.875731 
67 576.944 407.552 0.875399 
68 560.123 407.552 0.866362 
69 526.482 284.63 0.762381 
70 639.052 288.512 0.839416 
