1 471.832 293.945 0.814093 
2 471.832 325.333 0.784229 
3 477.064 356.72 0.786537 
4 479.679 386.8 0.767136 
5 488.834 416.88 0.782009 
6 505.835 446.96 0.779872 
7 521.529 469.192 0.769764 
8 548.993 490.117 0.800466 
9 580.381 497.964 0.778319 
10 614.384 490.117 0.856554 
11 644.464 475.731 0.842077 
12 666.697 449.575 0.81883 
13 686.314 424.727 0.83853 
14 696.776 393.339 0.815201 
15 704.623 361.952 0.792845 
16 707.239 327.949 0.825703 
17 708.547 292.638 0.798649 
18 479.679 259.942 0.915259 
19 495.373 246.864 0.843268 
20 513.682 240.325 0.851839 
21 534.607 244.248 0.834186 
22 552.917 250.788 0.863985 
23 593.459 250.788 0.888479 
24 615.692 241.633 0.860525 
25 643.156 237.709 0.905944 
26 666.697 242.941 0.880223 
27 686.314 259.942 0.892208 
28 572.534 273.02 0.921935 
29 571.226 290.022 0.974796 
30 571.226 307.023 0.849159 
31 568.611 322.717 0.846511 
32 550.301 352.797 0.929185 
33 560.764 354.105 0.938683 
34 571.226 356.72 0.911541 
35 582.996 354.105 0.96737 
36 594.767 352.797 0.901175 
37 499.296 282.175 0.918471 
38 511.067 270.405 0.945779 
39 530.684 270.405 0.938043 
40 546.378 282.175 0.841802 
41 530.684 288.714 0.914846 
42 512.375 290.022 0.926993 
43 610.461 286.098 0.819552 
44 623.539 270.405 0.956017 
45 643.156 270.405 0.912778 
46 656.234 280.867 0.967479 
47 644.464 290.022 0.939766 
48 623.539 290.022 0.948793 
49 529.376 407.725 0.898975 
50 541.146 394.647 0.962355 
51 559.456 384.184 0.894452 
52 571.226 385.492 0.959443 
53 584.304 384.184 0.920945 
54 605.229 393.339 0.871457 
55 624.846 407.725 0.871861 
56 607.845 424.727 0.837345 
57 589.536 428.65 0.855037 
58 572.534 428.65 0.894701 
59 559.456 427.342 0.88595 
60 541.146 424.727 0.861093 
61 537.223 406.417 0.866754 
62 559.456 403.802 0.887833 
63 571.226 405.109 0.950641 
64 585.612 403.802 0.865619 
65 614.384 407.725 0.873745 
66 585.612 405.109 0.865467 
67 572.534 405.109 0.944937 
68 559.456 405.109 0.910338 
69 521.529 278.252 0.826873 
70 632.693 278.252 0.817331 
