1 471.844 291.482 0.807776 
2 471.844 322.958 0.802219 
3 475.778 354.435 0.79342 
4 479.713 385.912 0.752557 
5 487.582 416.077 0.761275 
6 505.943 444.931 0.792194 
7 521.682 468.538 0.754772 
8 547.913 488.211 0.795874 
9 579.389 497.392 0.811024 
10 613.489 489.523 0.834812 
11 643.654 475.096 0.875562 
12 665.95 450.177 0.805952 
13 685.623 423.946 0.853915 
14 696.116 392.47 0.854037 
15 703.985 360.993 0.831074 
16 706.608 329.516 0.868469 
17 707.919 295.416 0.788149 
18 481.024 257.382 0.889064 
19 495.451 245.578 0.897434 
20 515.124 239.02 0.847042 
21 536.109 244.266 0.868968 
22 551.847 252.136 0.866198 
23 592.505 249.513 0.858387 
24 616.112 242.955 0.851401 
25 643.654 236.397 0.923599 
26 665.95 242.955 0.893617 
27 685.623 258.693 0.888776 
28 572.832 274.432 0.907755 
29 571.52 288.859 0.950521 
30 571.52 308.531 0.908486 
31 570.209 324.27 0.844533 
32 549.224 350.501 0.943789 
33 559.716 353.124 0.931605 
34 570.209 357.058 0.921932 
35 582.012 353.124 0.92299 
36 595.128 351.812 0.887014 
37 499.386 283.612 0.890462 
38 511.19 271.809 0.875179 
39 529.551 270.497 0.890684 
40 546.601 282.301 0.835682 
41 529.551 287.547 0.920022 
42 511.19 288.859 0.915815 
43 609.555 286.235 0.8621 
44 622.67 269.186 0.935284 
45 643.654 269.186 0.891611 
46 655.458 279.678 0.93911 
47 643.654 288.859 0.965842 
48 623.981 288.859 0.969705 
49 528.24 408.208 0.878029 
50 540.043 392.47 0.990726 
51 558.405 383.289 0.906326 
52 570.209 384.6 0.931598 
53 583.324 383.289 0.913936 
54 604.308 392.47 0.902295 
55 623.981 409.52 0.855638 
56 608.243 423.946 0.875659 
57 588.57 427.881 0.837757 
58 571.52 429.192 0.881686 
59 558.405 426.569 0.864272 
60 540.043 423.946 0.885295 
61 536.109 405.585 0.846516 
62 558.405 402.962 0.909164 
63 570.209 402.962 0.966543 
64 585.947 402.962 0.870627 
65 613.489 406.896 0.835468 
66 585.947 404.273 0.858117 
67 571.52 404.273 0.944669 
68 558.405 404.273 0.920402 
69 520.37 277.055 0.836657 
70 633.162 277.055 0.863706 
