1 463.957 298.018 0.830472 
2 460.073 326.507 0.797089 
3 458.778 356.29 0.763611 
4 463.957 386.073 0.848455 
5 474.317 415.856 0.830714 
6 493.74 445.639 0.756936 
7 509.279 468.947 0.756512 
8 535.178 492.256 0.782817 
9 566.256 498.73 0.815749 
10 599.924 490.961 0.819217 
11 629.707 475.422 0.83063 
12 653.015 448.229 0.79918 
13 672.439 423.625 0.802575 
14 684.093 391.252 0.77281 
15 691.863 358.88 0.808592 
16 694.452 326.507 0.772605 
17 697.042 292.839 0.735421 
18 466.547 261.761 0.778125 
19 476.907 247.517 0.837889 
20 496.33 239.747 0.903768 
21 517.049 246.222 0.894203 
22 535.178 252.696 0.873699 
23 577.91 251.401 0.849852 
24 599.924 241.042 0.883845 
25 625.822 238.452 0.887868 
26 651.72 246.222 0.884261 
27 671.144 260.466 0.888954 
28 555.896 278.595 0.882143 
29 553.307 294.134 0.844305 
30 549.422 312.263 0.917073 
31 548.127 331.686 0.886723 
32 526.113 353.7 0.92866 
33 537.768 360.174 0.875984 
34 555.896 362.764 0.903976 
35 568.846 357.585 0.864855 
36 584.385 353.7 0.872387 
37 485.971 288.954 0.946068 
38 496.33 278.595 0.932066 
39 514.459 277.3 0.854953 
40 528.703 287.659 0.86688 
41 515.754 290.249 0.927902 
42 496.33 291.544 0.967927 
43 590.859 288.954 0.877416 
44 607.693 277.3 0.879881 
45 623.232 276.005 0.840785 
46 640.066 282.479 0.929237 
47 624.527 290.249 0.873092 
48 608.988 290.249 0.936432 
49 505.395 396.432 0.923025 
50 520.934 388.663 0.815751 
51 539.063 383.483 0.892545 
52 557.191 384.778 0.952342 
53 570.141 382.188 0.859121 
54 597.334 386.073 0.868375 
55 620.642 395.137 0.918715 
56 598.629 417.151 0.878771 
57 576.615 426.215 0.850346 
58 558.486 430.1 0.876645 
59 544.242 428.805 0.850891 
60 524.818 422.33 0.844704 
61 514.459 399.022 0.829404 
62 540.357 395.137 0.900514 
63 557.191 395.137 0.954409 
64 572.73 393.842 0.836335 
65 610.283 396.432 0.863354 
66 574.025 406.791 0.805826 
67 557.191 410.676 0.868165 
68 542.947 409.381 0.787292 
69 505.395 281.185 0.858697 
70 615.463 281.185 0.82959 
