1 477.926 294.449 0.822816 
2 479.224 326.91 0.864933 
3 484.418 358.073 0.778552 
4 488.313 390.534 0.802151 
5 498.701 421.697 0.799995 
6 515.581 451.561 0.77372 
7 532.461 473.635 0.781453 
8 558.43 494.41 0.822257 
9 589.593 502.201 0.787473 
10 623.352 494.41 0.870968 
11 653.217 476.232 0.828801 
12 675.29 452.86 0.857738 
13 694.767 428.189 0.800244 
14 705.155 397.026 0.787264 
15 714.244 365.863 0.762756 
16 716.841 329.507 0.836885 
17 718.139 295.747 0.774863 
18 490.91 260.689 0.820822 
19 507.79 246.406 0.882798 
20 527.267 243.809 0.897132 
21 548.042 246.406 0.892178 
22 566.22 255.495 0.874664 
23 610.368 254.197 0.856784 
24 632.441 243.809 0.928905 
25 654.515 237.317 0.87411 
26 681.783 243.809 0.878858 
27 696.066 261.987 0.885173 
28 585.697 278.867 0.834795 
29 581.802 297.045 0.907116 
30 581.802 316.522 0.895342 
31 580.503 332.104 0.831512 
32 559.728 358.073 0.928344 
33 570.116 359.371 0.953801 
34 581.802 363.266 0.912806 
35 593.488 359.371 0.903098 
36 607.771 358.073 0.864644 
37 510.387 290.553 0.909438 
38 523.372 285.359 0.902218 
39 540.251 285.359 0.931096 
40 557.131 289.255 0.816052 
41 540.251 295.747 0.88098 
42 523.372 295.747 0.885134 
43 622.054 293.15 0.911634 
44 635.038 286.658 0.937663 
45 653.217 286.658 0.950499 
46 667.5 293.15 0.861332 
47 653.217 295.747 0.959332 
48 635.038 295.747 0.95644 
49 538.953 412.608 0.88037 
50 550.639 399.623 0.98566 
51 570.116 390.534 0.932523 
52 581.802 393.131 0.910834 
53 596.085 390.534 0.881901 
54 616.86 399.623 0.870194 
55 635.038 413.906 0.834514 
56 619.457 430.786 0.880944 
57 599.98 434.681 0.857753 
58 581.802 437.278 0.872367 
59 570.116 433.383 0.870369 
60 550.639 430.786 0.864326 
61 545.445 412.608 0.844283 
62 570.116 410.011 0.925506 
63 581.802 411.309 0.971379 
64 598.682 410.011 0.877462 
65 627.248 413.906 0.806873 
66 598.682 411.309 0.869325 
67 581.802 411.309 0.951091 
68 570.116 411.309 0.94795 
69 531.162 287.956 0.805644 
70 644.128 289.255 0.872381 
