1 468.582 295.739 0.830138 
2 464.567 325.187 0.820147 
3 465.905 355.973 0.806282 
4 469.921 386.76 0.849356 
5 480.629 417.547 0.833736 
6 499.369 445.656 0.739581 
7 518.108 471.088 0.787114 
8 542.202 492.505 0.857634 
9 574.327 497.859 0.770199 
10 607.791 492.505 0.850179 
11 634.562 472.427 0.814351 
12 659.994 449.672 0.843787 
13 677.396 421.562 0.763098 
14 689.442 392.114 0.759805 
15 694.797 361.328 0.818002 
16 700.151 330.541 0.782838 
17 702.828 297.077 0.767236 
18 475.275 256.921 0.814539 
19 487.322 240.858 0.817627 
20 503.384 236.843 0.8782 
21 523.463 239.52 0.885122 
22 543.541 248.89 0.922547 
23 586.374 247.551 0.864649 
24 609.13 238.181 0.899869 
25 633.223 235.504 0.879623 
26 659.994 243.536 0.84846 
27 674.718 259.598 0.855317 
28 564.958 276.999 0.88947 
29 563.619 291.723 0.850346 
30 559.603 310.463 0.882905 
31 558.265 327.864 0.796701 
32 535.51 353.296 0.921438 
33 547.557 357.312 0.845726 
34 563.619 362.666 0.866959 
35 577.005 355.973 0.91649 
36 589.051 353.296 0.896184 
37 494.015 286.369 0.877801 
38 507.4 278.338 0.895425 
39 523.463 278.338 0.969794 
40 538.187 287.708 0.858536 
41 523.463 290.385 0.974522 
42 507.4 290.385 0.894477 
43 598.421 286.369 0.884845 
44 618.499 278.338 0.918043 
45 633.223 278.338 0.910399 
46 650.625 285.031 0.910303 
47 633.223 289.046 0.898591 
48 617.161 289.046 0.908407 
49 516.77 404.161 0.830708 
50 532.832 389.437 0.860251 
51 550.234 384.083 0.85574 
52 564.958 385.421 0.974602 
53 578.343 382.744 0.846795 
54 599.76 386.76 0.891425 
55 621.177 398.807 0.854732 
56 605.114 418.885 0.880082 
57 585.036 428.255 0.902447 
58 566.296 430.932 0.91221 
59 552.911 429.594 0.884752 
60 532.832 420.224 0.880065 
61 523.463 404.161 0.852775 
62 550.234 396.13 0.877593 
63 564.958 396.13 0.950285 
64 579.682 396.13 0.837088 
65 613.145 398.807 0.793862 
66 581.02 408.177 0.869929 
67 566.296 408.177 0.910879 
68 551.572 408.177 0.83596 
69 516.77 281.015 0.827332 
70 627.869 279.676 0.826793 
