1 474.832 292.55 0.836172 
2 474.832 324.961 0.807169 
3 481.314 358.67 0.728882 
4 485.203 391.081 0.763574 
5 495.575 420.9 0.729705 
6 512.429 448.126 0.756561 
7 529.283 472.758 0.736001 
8 555.212 492.205 0.778621 
9 587.624 498.688 0.826703 
10 620.036 493.502 0.819345 
11 649.854 476.648 0.896248 
12 671.894 453.311 0.828984 
13 690.045 424.789 0.845466 
14 701.713 393.674 0.843929 
15 705.602 362.559 0.825599 
16 712.085 330.147 0.855327 
17 712.085 295.143 0.78902 
18 485.203 260.138 0.949104 
19 499.464 247.174 0.851076 
20 518.911 240.691 0.860773 
21 540.951 247.174 0.864153 
22 559.102 254.952 0.870038 
23 599.292 251.063 0.874267 
24 623.925 240.691 0.850725 
25 649.854 238.098 0.933299 
26 674.487 243.284 0.834092 
27 691.341 261.435 0.903447 
28 579.845 276.992 0.909323 
29 578.549 292.55 0.922282 
30 577.252 310.7 0.973143 
31 575.956 330.147 0.836593 
32 553.916 353.484 0.897899 
33 565.584 357.373 0.867018 
34 577.252 361.262 0.908944 
35 588.921 357.373 0.895111 
36 599.292 353.484 0.885178 
37 505.947 283.475 0.923798 
38 518.911 274.399 0.853136 
39 537.062 275.696 0.872647 
40 553.916 287.364 0.833394 
41 537.062 291.253 0.89933 
42 517.615 291.253 0.898807 
43 616.146 287.364 0.835455 
44 630.407 274.399 0.898035 
45 649.854 275.696 0.915898 
46 662.819 286.067 0.923349 
47 649.854 291.253 0.961388 
48 630.407 291.253 0.958846 
49 535.765 413.121 0.882348 
50 546.137 394.971 0.940181 
51 562.991 385.895 0.856533 
52 577.252 391.081 0.899452 
53 590.217 384.599 0.897168 
54 610.96 394.971 0.910281 
55 630.407 413.121 0.87416 
56 612.257 426.086 0.899019 
57 595.403 432.568 0.837305 
58 578.549 433.865 0.895087 
59 564.288 431.272 0.813054 
60 547.434 424.789 0.915138 
61 542.248 411.825 0.828082 
62 562.991 405.342 0.873093 
63 577.252 405.342 0.951412 
64 591.513 404.046 0.884833 
65 620.036 411.825 0.836525 
66 591.513 405.342 0.864671 
67 577.252 406.639 0.902839 
68 564.288 405.342 0.850599 
69 529.283 280.882 0.801696 
70 639.483 280.882 0.915615 
