1 467.345 299.039 0.82333 
2 467.345 330.655 0.834824 
3 472.614 360.953 0.760642 
4 476.566 391.251 0.788007 
5 487.105 421.55 0.782138 
6 505.547 450.531 0.783553 
7 521.355 472.925 0.772603 
8 547.701 494.002 0.81088 
9 579.317 501.906 0.775737 
10 612.25 494.002 0.852073 
11 642.548 475.56 0.799334 
12 666.26 451.848 0.845955 
13 686.02 425.501 0.796978 
14 696.558 393.886 0.79826 
15 701.827 360.953 0.770229 
16 707.097 328.02 0.831526 
17 707.097 293.77 0.847862 
18 476.566 262.154 0.900261 
19 488.422 248.981 0.86855 
20 508.182 242.394 0.881132 
21 529.259 248.981 0.881259 
22 550.336 254.25 0.905733 
23 591.173 251.616 0.860108 
24 613.567 243.712 0.86173 
25 641.231 239.76 0.894249 
26 666.26 247.664 0.893127 
27 684.702 262.154 0.904733 
28 570.096 276.645 0.884884 
29 568.778 293.77 0.887126 
30 566.144 310.895 0.810468 
31 563.509 325.385 0.8175 
32 545.067 355.684 0.885926 
33 556.922 357.001 0.873081 
34 568.778 360.953 0.851221 
35 580.634 357.001 0.935362 
36 592.49 355.684 0.905423 
37 497.643 289.818 0.917062 
38 509.499 280.597 0.900793 
39 529.259 280.597 0.904768 
40 543.749 288.5 0.821019 
41 529.259 293.77 0.91423 
42 509.499 293.77 0.864498 
43 604.346 288.5 0.862816 
44 622.788 279.279 0.914979 
45 641.231 280.597 0.861936 
46 654.404 288.5 0.926849 
47 641.231 293.77 0.898925 
48 622.788 293.77 0.955194 
49 523.99 409.694 0.869542 
50 538.48 397.838 0.948469 
51 554.288 388.617 0.871062 
52 570.096 389.934 0.901163 
53 581.952 387.299 0.925727 
54 604.346 396.521 0.866299 
55 625.423 409.694 0.895553 
56 606.981 426.819 0.815265 
57 585.903 430.771 0.85057 
58 570.096 432.088 0.901775 
59 555.605 430.771 0.849121 
60 538.48 426.819 0.855187 
61 530.576 409.694 0.89153 
62 554.288 408.376 0.881409 
63 570.096 408.376 0.925719 
64 583.269 408.376 0.871783 
65 616.202 409.694 0.857912 
66 583.269 408.376 0.880109 
67 570.096 409.694 0.909091 
68 554.288 409.694 0.888133 
69 520.038 283.231 0.814358 
70 632.01 283.231 0.840815 
