1 474.991 291.133 0.823079 
2 474.991 323.771 0.838429 
3 477.602 355.104 0.792669 
4 480.213 386.436 0.740203 
5 489.351 417.768 0.774256 
6 505.018 447.795 0.748291 
7 520.684 469.989 0.80335 
8 544.183 490.877 0.787952 
9 574.21 500.016 0.804582 
10 610.765 492.183 0.779003 
11 640.792 477.822 0.791719 
12 665.596 455.628 0.804387 
13 685.179 426.907 0.840169 
14 696.929 396.88 0.867052 
15 706.067 364.242 0.858073 
16 707.373 332.91 0.87613 
17 708.678 297.661 0.77629 
18 481.518 261.106 0.868982 
19 494.574 248.051 0.826293 
20 512.851 240.218 0.860184 
21 533.739 246.746 0.848748 
22 552.016 254.579 0.889086 
23 593.793 253.273 0.85795 
24 615.987 245.44 0.8587 
25 643.403 240.218 0.90853 
26 666.902 246.746 0.903021 
27 686.485 261.106 0.904791 
28 571.599 278.078 0.91865 
29 571.599 293.744 0.900462 
30 568.988 312.021 0.892683 
31 565.071 327.688 0.798376 
32 544.183 353.798 0.901126 
33 554.627 356.409 0.873664 
34 567.682 360.326 0.824579 
35 582.043 356.409 0.899814 
36 593.793 355.104 0.922132 
37 499.796 287.217 0.91661 
38 511.545 278.078 0.869328 
39 531.128 278.078 0.851141 
40 546.794 285.911 0.815084 
41 531.128 291.133 0.872184 
42 511.545 292.439 0.915354 
43 605.543 291.133 0.899403 
44 622.514 279.384 0.900471 
45 639.486 279.384 0.851863 
46 655.152 287.217 0.912623 
47 640.792 292.439 0.8791 
48 623.82 292.439 0.969605 
49 524.6 409.935 0.829992 
50 537.656 395.575 0.901888 
51 552.016 385.13 0.932989 
52 567.682 387.741 0.847558 
53 582.043 386.436 0.95079 
54 602.932 395.575 0.915782 
55 623.82 413.852 0.862015 
56 604.237 426.907 0.944755 
57 583.349 430.824 0.86829 
58 568.988 432.129 0.807072 
59 552.016 429.518 0.889796 
60 538.961 425.601 0.86964 
61 531.128 408.63 0.861693 
62 552.016 406.019 0.925544 
63 567.682 406.019 0.880669 
64 582.043 406.019 0.901105 
65 613.376 412.546 0.83668 
66 582.043 407.324 0.906596 
67 567.682 407.324 0.854595 
68 552.016 407.324 0.925362 
69 520.684 281.995 0.800817 
70 629.042 283.3 0.794458 
