1 462.286 294.843 0.777554 
2 458.415 324.526 0.891232 
3 458.415 355.499 0.860817 
4 460.996 386.473 0.798742 
5 475.192 417.446 0.754345 
6 490.679 444.548 0.722813 
7 510.037 470.359 0.826508 
8 531.977 492.299 0.802006 
9 562.95 500.042 0.809917 
10 600.377 492.299 0.786399 
11 630.059 475.522 0.76247 
12 653.289 451.001 0.824 
13 673.938 426.48 0.804139 
14 685.554 394.216 0.800907 
15 693.297 361.952 0.77585 
16 694.587 329.688 0.809353 
17 695.878 296.134 0.79394 
18 468.739 261.288 0.855258 
19 479.064 244.511 0.897115 
20 498.422 241.93 0.922238 
21 517.781 244.511 0.898122 
22 533.267 253.545 0.908133 
23 577.146 252.255 0.823693 
24 601.667 243.221 0.898864 
25 624.897 239.349 0.846475 
26 653.289 244.511 0.870034 
27 671.357 263.87 0.860503 
28 552.626 278.066 0.867387 
29 551.335 294.843 0.953831 
30 550.045 314.201 0.905319 
31 550.045 330.979 0.821753 
32 528.105 355.499 0.875095 
33 539.72 359.371 0.891832 
34 552.626 364.533 0.872463 
35 569.403 358.081 0.883997 
36 582.309 355.499 0.921868 
37 488.098 285.809 0.936211 
38 498.422 275.485 0.892467 
39 516.49 276.775 0.859295 
40 530.686 287.1 0.905605 
41 516.49 293.552 0.87963 
42 498.422 293.552 0.939522 
43 592.633 285.809 0.930803 
44 606.829 275.485 0.886715 
45 623.607 275.485 0.929311 
46 640.384 284.519 0.931047 
47 623.607 290.971 0.899348 
48 606.829 290.971 0.83874 
49 506.166 398.088 0.905827 
50 520.362 389.054 0.908926 
51 539.72 385.182 0.893772 
52 555.207 386.473 0.902302 
53 571.984 382.601 0.845436 
54 593.924 386.473 0.891583 
55 619.735 396.797 0.871756 
56 597.795 418.737 0.85401 
57 574.565 427.771 0.865346 
58 559.079 429.061 0.879365 
59 541.011 429.061 0.935433 
60 521.652 421.318 0.819403 
61 512.618 399.378 0.850237 
62 541.011 396.797 0.936037 
63 556.497 396.797 0.874785 
64 571.984 395.507 0.854123 
65 611.992 398.088 0.886578 
66 571.984 408.412 0.878921 
67 557.788 409.703 0.826209 
68 541.011 408.412 0.861407 
69 508.747 283.228 0.86701 
70 614.573 281.937 0.857674 
