1 463.866 294.864 0.81915 
2 462.569 324.675 0.834391 
3 462.569 355.783 0.765868 
4 465.162 385.594 0.83164 
5 475.531 416.702 0.808448 
6 494.973 445.217 0.772845 
7 513.119 469.844 0.735448 
8 536.45 494.471 0.823164 
9 567.558 498.36 0.835504 
10 601.258 491.879 0.79717 
11 631.069 475.029 0.839811 
12 654.4 449.106 0.778885 
13 673.842 423.183 0.803465 
14 685.508 392.075 0.786981 
15 693.285 359.671 0.82498 
16 695.877 327.268 0.764022 
17 699.765 293.568 0.740019 
18 469.05 259.868 0.787172 
19 479.419 245.61 0.802176 
20 497.566 239.129 0.88699 
21 518.304 244.314 0.865619 
22 536.45 253.387 0.895144 
23 579.223 250.795 0.854998 
24 601.258 240.425 0.861101 
25 628.477 237.833 0.915417 
26 651.808 244.314 0.857514 
27 671.25 259.868 0.90953 
28 557.189 278.014 0.907435 
29 555.892 293.568 0.874895 
30 553.3 311.714 0.903277 
31 550.708 329.86 0.846454 
32 527.377 353.191 0.897057 
33 539.042 360.968 0.868414 
34 557.189 363.56 0.936796 
35 570.15 359.671 0.833029 
36 587 353.191 0.890987 
37 485.9 288.383 0.942163 
38 497.566 278.014 0.921639 
39 515.712 278.014 0.915756 
40 531.266 287.087 0.847836 
41 515.712 290.975 0.953435 
42 497.566 290.975 0.926313 
43 592.185 288.383 0.871669 
44 609.035 276.718 0.913514 
45 625.885 276.718 0.838176 
46 640.142 281.902 0.93827 
47 627.181 289.679 0.892325 
48 609.035 289.679 0.951837 
49 506.639 402.444 0.913891 
50 523.489 392.075 0.851618 
51 541.635 383.002 0.876452 
52 557.189 384.298 0.947095 
53 572.742 383.002 0.850385 
54 598.665 385.594 0.876665 
55 620.7 395.964 0.901284 
56 599.962 417.998 0.845114 
57 577.927 428.367 0.851569 
58 558.485 433.552 0.885005 
59 545.523 432.256 0.855202 
60 526.081 423.183 0.87549 
61 515.712 402.444 0.895898 
62 541.635 394.668 0.859953 
63 558.485 394.668 0.950113 
64 575.335 394.668 0.851628 
65 611.627 397.26 0.83181 
66 576.631 407.629 0.794878 
67 558.485 411.517 0.884718 
68 544.227 410.221 0.785894 
69 506.639 280.606 0.848887 
70 618.108 280.606 0.852285 
