1 470.774 292.53 0.86997 
2 470.774 326.1 0.822376 
3 477.229 358.379 0.75679 
4 481.103 390.658 0.785403 
5 491.432 420.354 0.746722 
6 508.217 447.469 0.756295 
7 525.002 472 0.735259 
8 550.825 492.659 0.773366 
9 583.104 497.824 0.816572 
10 615.383 493.95 0.824125 
11 645.08 475.874 0.893449 
12 667.03 453.924 0.833489 
13 686.397 425.519 0.84246 
14 696.726 394.531 0.871977 
15 704.473 362.252 0.839318 
16 707.055 331.264 0.874076 
17 708.347 296.403 0.778138 
18 481.103 260.251 0.918928 
19 492.723 247.339 0.856892 
20 513.382 240.883 0.886736 
21 534.04 246.048 0.847947 
22 553.408 252.504 0.859393 
23 594.725 251.213 0.878178 
24 617.966 242.175 0.854056 
25 645.08 238.301 0.934492 
26 668.321 246.048 0.843379 
27 686.397 261.542 0.884556 
28 574.066 274.454 0.908805 
29 574.066 291.239 0.950988 
30 572.775 310.606 0.933185 
31 572.775 329.973 0.847399 
32 552.117 353.214 0.934658 
33 562.446 357.088 0.902786 
34 572.775 360.961 0.959633 
35 584.396 358.379 0.891572 
36 597.307 353.214 0.86277 
37 501.761 280.909 0.93204 
38 512.091 270.58 0.941342 
39 531.458 270.58 0.933288 
40 545.661 282.2 0.841149 
41 531.458 288.656 0.894429 
42 513.382 289.947 0.919936 
43 611.51 283.492 0.839404 
44 624.421 270.58 0.975823 
45 645.08 270.58 0.940412 
46 656.7 280.909 0.935712 
47 645.08 289.947 0.932729 
48 625.713 288.656 0.934881 
49 531.458 412.607 0.874299 
50 543.078 394.531 0.950798 
51 559.864 385.493 0.87021 
52 572.775 390.658 0.916306 
53 586.978 385.493 0.873852 
54 607.636 394.531 0.870904 
55 625.713 412.607 0.860818 
56 610.219 425.519 0.891042 
57 592.142 431.975 0.852039 
58 574.066 433.266 0.88712 
59 561.155 430.683 0.822711 
60 543.078 424.228 0.900527 
61 537.914 411.316 0.819597 
62 561.155 403.569 0.892988 
63 572.775 404.86 0.96601 
64 588.269 403.569 0.866634 
65 616.674 412.607 0.818801 
66 589.56 404.86 0.844549 
67 574.066 406.151 0.915593 
68 561.155 406.151 0.856036 
69 522.42 278.327 0.817045 
70 634.751 277.036 0.830701 
