1 464.693 298.186 0.847404 
2 462.108 326.612 0.811276 
3 459.524 356.331 0.765648 
4 464.693 387.341 0.837735 
5 476.322 415.768 0.823631 
6 494.411 445.486 0.771185 
7 511.209 470.037 0.736602 
8 535.759 493.295 0.794979 
9 568.062 498.463 0.817692 
10 600.365 490.71 0.810476 
11 631.375 475.205 0.837733 
12 654.633 448.071 0.785177 
13 674.015 423.52 0.800646 
14 685.644 392.51 0.777311 
15 693.397 360.207 0.815674 
16 695.981 327.904 0.759009 
17 698.565 294.309 0.726818 
18 467.277 262.006 0.783258 
19 477.614 246.501 0.82128 
20 496.996 240.04 0.912842 
21 517.669 243.917 0.891434 
22 537.051 251.669 0.9023 
23 579.691 250.377 0.873461 
24 601.657 240.04 0.878784 
25 628.791 237.456 0.897329 
26 653.341 243.917 0.841279 
27 671.431 262.006 0.893664 
28 556.433 278.804 0.879517 
29 555.141 293.017 0.849019 
30 551.264 311.107 0.907925 
31 548.68 330.488 0.870057 
32 528.006 353.746 0.917804 
33 539.635 361.499 0.863697 
34 556.433 362.791 0.912111 
35 569.354 357.623 0.850047 
36 586.151 353.746 0.878925 
37 486.659 289.141 0.949152 
38 496.996 278.804 0.917126 
39 516.377 277.512 0.861001 
40 529.298 286.557 0.857064 
41 516.377 290.433 0.944869 
42 496.996 291.725 0.943019 
43 592.612 289.141 0.865028 
44 609.409 276.22 0.89043 
45 624.915 276.22 0.829304 
46 640.42 281.388 0.938498 
47 627.499 290.433 0.875203 
48 609.409 290.433 0.947061 
49 507.332 402.847 0.887705 
50 524.13 391.218 0.841125 
51 540.927 383.465 0.878086 
52 557.725 384.757 0.959253 
53 571.938 383.465 0.850548 
54 597.78 386.049 0.869687 
55 621.038 396.386 0.894971 
56 599.072 418.352 0.850912 
57 578.399 427.397 0.854128 
58 559.017 432.565 0.880473 
59 546.096 431.273 0.849853 
60 526.714 423.52 0.874406 
61 516.377 402.847 0.891535 
62 542.219 395.094 0.875385 
63 557.725 395.094 0.962256 
64 574.522 393.802 0.841884 
65 610.701 397.678 0.843055 
66 575.814 406.723 0.802777 
67 559.017 410.599 0.875515 
68 544.804 410.599 0.789247 
69 507.332 281.388 0.850662 
70 617.162 281.388 0.845163 
