1 467.856 299.142 0.805404 
2 466.548 329.244 0.836753 
3 471.783 359.345 0.790494 
4 477.018 390.755 0.790793 
5 487.488 419.548 0.76831 
6 505.81 449.65 0.799253 
7 525.442 471.898 0.783008 
8 547.691 492.839 0.850951 
9 579.101 502 0.825244 
10 611.82 494.147 0.840536 
11 641.922 477.133 0.817036 
12 664.17 450.958 0.851529 
13 683.802 424.783 0.793608 
14 694.272 394.682 0.806455 
15 698.198 363.271 0.781865 
16 703.433 330.552 0.806049 
17 704.742 296.525 0.799003 
18 475.709 262.497 0.895838 
19 488.797 249.409 0.853193 
20 508.428 242.866 0.861599 
21 529.368 249.409 0.871766 
22 549 254.644 0.900339 
23 589.571 252.027 0.863239 
24 611.82 242.866 0.873577 
25 639.304 240.248 0.894489 
26 664.17 248.101 0.884263 
27 682.493 263.806 0.856573 
28 568.631 276.893 0.866718 
29 567.322 293.907 0.879018 
30 564.705 310.921 0.808885 
31 563.396 325.317 0.816984 
32 545.073 355.419 0.870035 
33 555.543 356.728 0.870157 
34 568.631 359.345 0.883989 
35 580.41 356.728 0.918695 
36 593.497 354.11 0.833463 
37 497.958 288.672 0.883076 
38 511.046 280.82 0.85999 
39 528.059 280.82 0.890956 
40 545.073 288.672 0.84969 
41 528.059 293.907 0.924933 
42 512.354 293.907 0.871147 
43 603.967 286.055 0.855806 
44 622.29 278.202 0.877828 
45 641.922 279.511 0.878723 
46 653.7 287.363 0.926025 
47 641.922 292.598 0.944194 
48 620.981 292.598 0.917287 
49 524.133 409.078 0.897224 
50 538.529 397.299 0.974141 
51 556.852 388.138 0.879767 
52 568.631 390.755 0.913288 
53 581.719 388.138 0.891563 
54 602.659 394.682 0.837419 
55 624.908 406.46 0.847582 
56 609.203 420.857 0.831273 
57 588.262 430.018 0.881069 
58 569.94 431.327 0.89805 
59 556.852 430.018 0.899551 
60 538.529 424.783 0.846605 
61 530.677 409.078 0.863724 
62 556.852 405.152 0.828409 
63 569.94 405.152 0.922634 
64 584.336 402.534 0.818356 
65 617.055 407.769 0.820839 
66 584.336 407.769 0.861069 
67 569.94 409.078 0.957814 
68 556.852 409.078 0.881888 
69 521.516 283.437 0.807554 
70 631.451 283.437 0.887085 
